0           1205        40          1201        78          1303        38          1299        798         1297        760         2381        
1           1206        41          1202        79          1304        39          1300        799         1298        761         2382        
2           1207        42          1209        44          1307        4           1211        764         1215        762         2383        
3           1208        43          1210        45          1308        5           1212        765         1216        763         2384        
6           1217        46          1219        48          1313        8           1221        768         1225        766         2385        
7           1218        47          1220        49          1314        9           1222        769         1226        767         2386        
10          1227        50          1229        52          1319        12          1231        772         1235        770         2387        
11          1228        51          1230        53          1320        13          1232        773         1236        771         2388        
14          1237        54          1239        56          1325        16          1241        776         1245        774         2389        
15          1238        55          1240        57          1326        17          1242        777         1246        775         2390        
18          1247        58          1249        60          1331        20          1251        780         1255        778         2391        
19          1248        59          1250        61          1332        21          1252        781         1256        779         2392        
22          1257        62          1259        64          1337        24          1261        784         1265        782         2393        
23          1258        63          1260        65          1338        25          1262        785         1266        783         2394        
26          1267        66          1269        68          1343        28          1271        788         1275        786         2395        
27          1268        67          1270        69          1344        29          1272        789         1276        787         2396        
30          1277        70          1279        72          1349        32          1281        792         1285        790         2397        
31          1278        71          1280        73          1350        33          1282        793         1286        791         2398        
34          1287        74          1289        76          1355        36          1291        796         1295        794         2399        
35          1288        75          1290        77          1356        37          1292        797         1296        795         2400        
40          1301        0           1201        2           1203        42          1209        82          1305        80          1361        
41          1302        1           1202        3           1204        43          1210        83          1306        81          1362        
44          1309        4           1211        6           1213        46          1219        86          1311        84          1369        
45          1310        5           1212        7           1214        47          1220        87          1312        85          1370        
48          1315        8           1221        10          1223        50          1229        90          1317        88          1375        
49          1316        9           1222        11          1224        51          1230        91          1318        89          1376        
52          1321        12          1231        14          1233        54          1239        94          1323        92          1381        
53          1322        13          1232        15          1234        55          1240        95          1324        93          1382        
56          1327        16          1241        18          1243        58          1249        98          1329        96          1387        
57          1328        17          1242        19          1244        59          1250        99          1330        97          1388        
60          1333        20          1251        22          1253        62          1259        102         1335        100         1393        
61          1334        21          1252        23          1254        63          1260        103         1336        101         1394        
64          1339        24          1261        26          1263        66          1269        106         1341        104         1399        
65          1340        25          1262        27          1264        67          1270        107         1342        105         1400        
68          1345        28          1271        30          1273        70          1279        110         1347        108         1405        
69          1346        29          1272        31          1274        71          1280        111         1348        109         1406        
72          1351        32          1281        34          1283        74          1289        114         1353        112         1411        
73          1352        33          1282        35          1284        75          1290        115         1354        113         1412        
76          1357        36          1291        38          1293        78          1299        118         1359        116         1417        
77          1358        37          1292        39          1294        79          1300        119         1360        117         1418        
80          1363        40          1301        78          1303        118         1359        158         1419        120         1423        
81          1364        41          1302        79          1304        119         1360        159         1420        121         1424        
82          1365        42          1305        44          1307        84          1309        124         1367        122         1427        
83          1366        43          1306        45          1308        85          1310        125         1368        123         1428        
86          1371        46          1311        48          1313        88          1315        128         1373        126         1433        
87          1372        47          1312        49          1314        89          1316        129         1374        127         1434        
90          1377        50          1317        52          1319        92          1321        132         1379        130         1439        
91          1378        51          1318        53          1320        93          1322        133         1380        131         1440        
94          1383        54          1323        56          1325        96          1327        136         1385        134         1445        
95          1384        55          1324        57          1326        97          1328        137         1386        135         1446        
98          1389        58          1329        60          1331        100         1333        140         1391        138         1451        
99          1390        59          1330        61          1332        101         1334        141         1392        139         1452        
102         1395        62          1335        64          1337        104         1339        144         1397        142         1457        
103         1396        63          1336        65          1338        105         1340        145         1398        143         1458        
106         1401        66          1341        68          1343        108         1345        148         1403        146         1463        
107         1402        67          1342        69          1344        109         1346        149         1404        147         1464        
110         1407        70          1347        72          1349        112         1351        152         1409        150         1469        
111         1408        71          1348        73          1350        113         1352        153         1410        151         1470        
114         1413        74          1353        76          1355        116         1357        156         1415        154         1475        
115         1414        75          1354        77          1356        117         1358        157         1416        155         1476        
120         1421        80          1363        82          1361        122         1365        162         1425        160         1481        
121         1422        81          1364        83          1362        123         1366        163         1426        161         1482        
124         1429        84          1367        86          1369        126         1371        166         1431        164         1489        
125         1430        85          1368        87          1370        127         1372        167         1432        165         1490        
128         1435        88          1373        90          1375        130         1377        170         1437        168         1495        
129         1436        89          1374        91          1376        131         1378        171         1438        169         1496        
132         1441        92          1379        94          1381        134         1383        174         1443        172         1501        
133         1442        93          1380        95          1382        135         1384        175         1444        173         1502        
136         1447        96          1385        98          1387        138         1389        178         1449        176         1507        
137         1448        97          1386        99          1388        139         1390        179         1450        177         1508        
140         1453        100         1391        102         1393        142         1395        182         1455        180         1513        
141         1454        101         1392        103         1394        143         1396        183         1456        181         1514        
144         1459        104         1397        106         1399        146         1401        186         1461        184         1519        
145         1460        105         1398        107         1400        147         1402        187         1462        185         1520        
148         1465        108         1403        110         1405        150         1407        190         1467        188         1525        
149         1466        109         1404        111         1406        151         1408        191         1468        189         1526        
152         1471        112         1409        114         1411        154         1413        194         1473        192         1531        
153         1472        113         1410        115         1412        155         1414        195         1474        193         1532        
156         1477        116         1415        118         1417        158         1419        198         1479        196         1537        
157         1478        117         1416        119         1418        159         1420        199         1480        197         1538        
160         1483        120         1421        158         1423        198         1479        238         1539        200         1543        
161         1484        121         1422        159         1424        199         1480        239         1540        201         1544        
162         1485        122         1425        124         1427        164         1429        204         1487        202         1547        
163         1486        123         1426        125         1428        165         1430        205         1488        203         1548        
166         1491        126         1431        128         1433        168         1435        208         1493        206         1553        
167         1492        127         1432        129         1434        169         1436        209         1494        207         1554        
170         1497        130         1437        132         1439        172         1441        212         1499        210         1559        
171         1498        131         1438        133         1440        173         1442        213         1500        211         1560        
174         1503        134         1443        136         1445        176         1447        216         1505        214         1565        
175         1504        135         1444        137         1446        177         1448        217         1506        215         1566        
178         1509        138         1449        140         1451        180         1453        220         1511        218         1571        
179         1510        139         1450        141         1452        181         1454        221         1512        219         1572        
182         1515        142         1455        144         1457        184         1459        224         1517        222         1577        
183         1516        143         1456        145         1458        185         1460        225         1518        223         1578        
186         1521        146         1461        148         1463        188         1465        228         1523        226         1583        
187         1522        147         1462        149         1464        189         1466        229         1524        227         1584        
190         1527        150         1467        152         1469        192         1471        232         1529        230         1589        
191         1528        151         1468        153         1470        193         1472        233         1530        231         1590        
194         1533        154         1473        156         1475        196         1477        236         1535        234         1595        
195         1534        155         1474        157         1476        197         1478        237         1536        235         1596        
200         1541        160         1483        162         1481        202         1485        242         1545        240         1601        
201         1542        161         1484        163         1482        203         1486        243         1546        241         1602        
204         1549        164         1487        166         1489        206         1491        246         1551        244         1609        
205         1550        165         1488        167         1490        207         1492        247         1552        245         1610        
208         1555        168         1493        170         1495        210         1497        250         1557        248         1615        
209         1556        169         1494        171         1496        211         1498        251         1558        249         1616        
212         1561        172         1499        174         1501        214         1503        254         1563        252         1621        
213         1562        173         1500        175         1502        215         1504        255         1564        253         1622        
216         1567        176         1505        178         1507        218         1509        258         1569        256         1627        
217         1568        177         1506        179         1508        219         1510        259         1570        257         1628        
220         1573        180         1511        182         1513        222         1515        262         1575        260         1633        
221         1574        181         1512        183         1514        223         1516        263         1576        261         1634        
224         1579        184         1517        186         1519        226         1521        266         1581        264         1639        
225         1580        185         1518        187         1520        227         1522        267         1582        265         1640        
228         1585        188         1523        190         1525        230         1527        270         1587        268         1645        
229         1586        189         1524        191         1526        231         1528        271         1588        269         1646        
232         1591        192         1529        194         1531        234         1533        274         1593        272         1651        
233         1592        193         1530        195         1532        235         1534        275         1594        273         1652        
236         1597        196         1535        198         1537        238         1539        278         1599        276         1657        
237         1598        197         1536        199         1538        239         1540        279         1600        277         1658        
240         1603        200         1541        238         1543        278         1599        318         1659        280         1663        
241         1604        201         1542        239         1544        279         1600        319         1660        281         1664        
242         1605        202         1545        204         1547        244         1549        284         1607        282         1667        
243         1606        203         1546        205         1548        245         1550        285         1608        283         1668        
246         1611        206         1551        208         1553        248         1555        288         1613        286         1673        
247         1612        207         1552        209         1554        249         1556        289         1614        287         1674        
250         1617        210         1557        212         1559        252         1561        292         1619        290         1679        
251         1618        211         1558        213         1560        253         1562        293         1620        291         1680        
254         1623        214         1563        216         1565        256         1567        296         1625        294         1685        
255         1624        215         1564        217         1566        257         1568        297         1626        295         1686        
258         1629        218         1569        220         1571        260         1573        300         1631        298         1691        
259         1630        219         1570        221         1572        261         1574        301         1632        299         1692        
262         1635        222         1575        224         1577        264         1579        304         1637        302         1697        
263         1636        223         1576        225         1578        265         1580        305         1638        303         1698        
266         1641        226         1581        228         1583        268         1585        308         1643        306         1703        
267         1642        227         1582        229         1584        269         1586        309         1644        307         1704        
270         1647        230         1587        232         1589        272         1591        312         1649        310         1709        
271         1648        231         1588        233         1590        273         1592        313         1650        311         1710        
274         1653        234         1593        236         1595        276         1597        316         1655        314         1715        
275         1654        235         1594        237         1596        277         1598        317         1656        315         1716        
280         1661        240         1603        242         1601        282         1605        322         1665        320         1721        
281         1662        241         1604        243         1602        283         1606        323         1666        321         1722        
284         1669        244         1607        246         1609        286         1611        326         1671        324         1729        
285         1670        245         1608        247         1610        287         1612        327         1672        325         1730        
288         1675        248         1613        250         1615        290         1617        330         1677        328         1735        
289         1676        249         1614        251         1616        291         1618        331         1678        329         1736        
292         1681        252         1619        254         1621        294         1623        334         1683        332         1741        
293         1682        253         1620        255         1622        295         1624        335         1684        333         1742        
296         1687        256         1625        258         1627        298         1629        338         1689        336         1747        
297         1688        257         1626        259         1628        299         1630        339         1690        337         1748        
300         1693        260         1631        262         1633        302         1635        342         1695        340         1753        
301         1694        261         1632        263         1634        303         1636        343         1696        341         1754        
304         1699        264         1637        266         1639        306         1641        346         1701        344         1759        
305         1700        265         1638        267         1640        307         1642        347         1702        345         1760        
308         1705        268         1643        270         1645        310         1647        350         1707        348         1765        
309         1706        269         1644        271         1646        311         1648        351         1708        349         1766        
312         1711        272         1649        274         1651        314         1653        354         1713        352         1771        
313         1712        273         1650        275         1652        315         1654        355         1714        353         1772        
316         1717        276         1655        278         1657        318         1659        358         1719        356         1777        
317         1718        277         1656        279         1658        319         1660        359         1720        357         1778        
320         1723        280         1661        318         1663        358         1719        398         1779        360         1783        
321         1724        281         1662        319         1664        359         1720        399         1780        361         1784        
322         1725        282         1665        284         1667        324         1669        364         1727        362         1787        
323         1726        283         1666        285         1668        325         1670        365         1728        363         1788        
326         1731        286         1671        288         1673        328         1675        368         1733        366         1793        
327         1732        287         1672        289         1674        329         1676        369         1734        367         1794        
330         1737        290         1677        292         1679        332         1681        372         1739        370         1799        
331         1738        291         1678        293         1680        333         1682        373         1740        371         1800        
334         1743        294         1683        296         1685        336         1687        376         1745        374         1805        
335         1744        295         1684        297         1686        337         1688        377         1746        375         1806        
338         1749        298         1689        300         1691        340         1693        380         1751        378         1811        
339         1750        299         1690        301         1692        341         1694        381         1752        379         1812        
342         1755        302         1695        304         1697        344         1699        384         1757        382         1817        
343         1756        303         1696        305         1698        345         1700        385         1758        383         1818        
346         1761        306         1701        308         1703        348         1705        388         1763        386         1823        
347         1762        307         1702        309         1704        349         1706        389         1764        387         1824        
350         1767        310         1707        312         1709        352         1711        392         1769        390         1829        
351         1768        311         1708        313         1710        353         1712        393         1770        391         1830        
354         1773        314         1713        316         1715        356         1717        396         1775        394         1835        
355         1774        315         1714        317         1716        357         1718        397         1776        395         1836        
360         1781        320         1723        322         1721        362         1725        402         1785        400         1841        
361         1782        321         1724        323         1722        363         1726        403         1786        401         1842        
364         1789        324         1727        326         1729        366         1731        406         1791        404         1849        
365         1790        325         1728        327         1730        367         1732        407         1792        405         1850        
368         1795        328         1733        330         1735        370         1737        410         1797        408         1855        
369         1796        329         1734        331         1736        371         1738        411         1798        409         1856        
372         1801        332         1739        334         1741        374         1743        414         1803        412         1861        
373         1802        333         1740        335         1742        375         1744        415         1804        413         1862        
376         1807        336         1745        338         1747        378         1749        418         1809        416         1867        
377         1808        337         1746        339         1748        379         1750        419         1810        417         1868        
380         1813        340         1751        342         1753        382         1755        422         1815        420         1873        
381         1814        341         1752        343         1754        383         1756        423         1816        421         1874        
384         1819        344         1757        346         1759        386         1761        426         1821        424         1879        
385         1820        345         1758        347         1760        387         1762        427         1822        425         1880        
388         1825        348         1763        350         1765        390         1767        430         1827        428         1885        
389         1826        349         1764        351         1766        391         1768        431         1828        429         1886        
392         1831        352         1769        354         1771        394         1773        434         1833        432         1891        
393         1832        353         1770        355         1772        395         1774        435         1834        433         1892        
396         1837        356         1775        358         1777        398         1779        438         1839        436         1897        
397         1838        357         1776        359         1778        399         1780        439         1840        437         1898        
400         1843        360         1781        398         1783        438         1839        478         1899        440         1903        
401         1844        361         1782        399         1784        439         1840        479         1900        441         1904        
402         1845        362         1785        364         1787        404         1789        444         1847        442         1907        
403         1846        363         1786        365         1788        405         1790        445         1848        443         1908        
406         1851        366         1791        368         1793        408         1795        448         1853        446         1913        
407         1852        367         1792        369         1794        409         1796        449         1854        447         1914        
410         1857        370         1797        372         1799        412         1801        452         1859        450         1919        
411         1858        371         1798        373         1800        413         1802        453         1860        451         1920        
414         1863        374         1803        376         1805        416         1807        456         1865        454         1925        
415         1864        375         1804        377         1806        417         1808        457         1866        455         1926        
418         1869        378         1809        380         1811        420         1813        460         1871        458         1931        
419         1870        379         1810        381         1812        421         1814        461         1872        459         1932        
422         1875        382         1815        384         1817        424         1819        464         1877        462         1937        
423         1876        383         1816        385         1818        425         1820        465         1878        463         1938        
426         1881        386         1821        388         1823        428         1825        468         1883        466         1943        
427         1882        387         1822        389         1824        429         1826        469         1884        467         1944        
430         1887        390         1827        392         1829        432         1831        472         1889        470         1949        
431         1888        391         1828        393         1830        433         1832        473         1890        471         1950        
434         1893        394         1833        396         1835        436         1837        476         1895        474         1955        
435         1894        395         1834        397         1836        437         1838        477         1896        475         1956        
440         1901        400         1843        402         1841        442         1845        482         1905        480         1961        
441         1902        401         1844        403         1842        443         1846        483         1906        481         1962        
444         1909        404         1847        406         1849        446         1851        486         1911        484         1969        
445         1910        405         1848        407         1850        447         1852        487         1912        485         1970        
448         1915        408         1853        410         1855        450         1857        490         1917        488         1975        
449         1916        409         1854        411         1856        451         1858        491         1918        489         1976        
452         1921        412         1859        414         1861        454         1863        494         1923        492         1981        
453         1922        413         1860        415         1862        455         1864        495         1924        493         1982        
456         1927        416         1865        418         1867        458         1869        498         1929        496         1987        
457         1928        417         1866        419         1868        459         1870        499         1930        497         1988        
460         1933        420         1871        422         1873        462         1875        502         1935        500         1993        
461         1934        421         1872        423         1874        463         1876        503         1936        501         1994        
464         1939        424         1877        426         1879        466         1881        506         1941        504         1999        
465         1940        425         1878        427         1880        467         1882        507         1942        505         2000        
468         1945        428         1883        430         1885        470         1887        510         1947        508         2005        
469         1946        429         1884        431         1886        471         1888        511         1948        509         2006        
472         1951        432         1889        434         1891        474         1893        514         1953        512         2011        
473         1952        433         1890        435         1892        475         1894        515         1954        513         2012        
476         1957        436         1895        438         1897        478         1899        518         1959        516         2017        
477         1958        437         1896        439         1898        479         1900        519         1960        517         2018        
480         1963        440         1901        478         1903        518         1959        558         2019        520         2023        
481         1964        441         1902        479         1904        519         1960        559         2020        521         2024        
482         1965        442         1905        444         1907        484         1909        524         1967        522         2027        
483         1966        443         1906        445         1908        485         1910        525         1968        523         2028        
486         1971        446         1911        448         1913        488         1915        528         1973        526         2033        
487         1972        447         1912        449         1914        489         1916        529         1974        527         2034        
490         1977        450         1917        452         1919        492         1921        532         1979        530         2039        
491         1978        451         1918        453         1920        493         1922        533         1980        531         2040        
494         1983        454         1923        456         1925        496         1927        536         1985        534         2045        
495         1984        455         1924        457         1926        497         1928        537         1986        535         2046        
498         1989        458         1929        460         1931        500         1933        540         1991        538         2051        
499         1990        459         1930        461         1932        501         1934        541         1992        539         2052        
502         1995        462         1935        464         1937        504         1939        544         1997        542         2057        
503         1996        463         1936        465         1938        505         1940        545         1998        543         2058        
506         2001        466         1941        468         1943        508         1945        548         2003        546         2063        
507         2002        467         1942        469         1944        509         1946        549         2004        547         2064        
510         2007        470         1947        472         1949        512         1951        552         2009        550         2069        
511         2008        471         1948        473         1950        513         1952        553         2010        551         2070        
514         2013        474         1953        476         1955        516         1957        556         2015        554         2075        
515         2014        475         1954        477         1956        517         1958        557         2016        555         2076        
520         2021        480         1963        482         1961        522         1965        562         2025        560         2081        
521         2022        481         1964        483         1962        523         1966        563         2026        561         2082        
524         2029        484         1967        486         1969        526         1971        566         2031        564         2089        
525         2030        485         1968        487         1970        527         1972        567         2032        565         2090        
528         2035        488         1973        490         1975        530         1977        570         2037        568         2095        
529         2036        489         1974        491         1976        531         1978        571         2038        569         2096        
532         2041        492         1979        494         1981        534         1983        574         2043        572         2101        
533         2042        493         1980        495         1982        535         1984        575         2044        573         2102        
536         2047        496         1985        498         1987        538         1989        578         2049        576         2107        
537         2048        497         1986        499         1988        539         1990        579         2050        577         2108        
540         2053        500         1991        502         1993        542         1995        582         2055        580         2113        
541         2054        501         1992        503         1994        543         1996        583         2056        581         2114        
544         2059        504         1997        506         1999        546         2001        586         2061        584         2119        
545         2060        505         1998        507         2000        547         2002        587         2062        585         2120        
548         2065        508         2003        510         2005        550         2007        590         2067        588         2125        
549         2066        509         2004        511         2006        551         2008        591         2068        589         2126        
552         2071        512         2009        514         2011        554         2013        594         2073        592         2131        
553         2072        513         2010        515         2012        555         2014        595         2074        593         2132        
556         2077        516         2015        518         2017        558         2019        598         2079        596         2137        
557         2078        517         2016        519         2018        559         2020        599         2080        597         2138        
560         2083        520         2021        558         2023        598         2079        638         2139        600         2143        
561         2084        521         2022        559         2024        599         2080        639         2140        601         2144        
562         2085        522         2025        524         2027        564         2029        604         2087        602         2147        
563         2086        523         2026        525         2028        565         2030        605         2088        603         2148        
566         2091        526         2031        528         2033        568         2035        608         2093        606         2153        
567         2092        527         2032        529         2034        569         2036        609         2094        607         2154        
570         2097        530         2037        532         2039        572         2041        612         2099        610         2159        
571         2098        531         2038        533         2040        573         2042        613         2100        611         2160        
574         2103        534         2043        536         2045        576         2047        616         2105        614         2165        
575         2104        535         2044        537         2046        577         2048        617         2106        615         2166        
578         2109        538         2049        540         2051        580         2053        620         2111        618         2171        
579         2110        539         2050        541         2052        581         2054        621         2112        619         2172        
582         2115        542         2055        544         2057        584         2059        624         2117        622         2177        
583         2116        543         2056        545         2058        585         2060        625         2118        623         2178        
586         2121        546         2061        548         2063        588         2065        628         2123        626         2183        
587         2122        547         2062        549         2064        589         2066        629         2124        627         2184        
590         2127        550         2067        552         2069        592         2071        632         2129        630         2189        
591         2128        551         2068        553         2070        593         2072        633         2130        631         2190        
594         2133        554         2073        556         2075        596         2077        636         2135        634         2195        
595         2134        555         2074        557         2076        597         2078        637         2136        635         2196        
600         2141        560         2083        562         2081        602         2085        642         2145        640         2201        
601         2142        561         2084        563         2082        603         2086        643         2146        641         2202        
604         2149        564         2087        566         2089        606         2091        646         2151        644         2209        
605         2150        565         2088        567         2090        607         2092        647         2152        645         2210        
608         2155        568         2093        570         2095        610         2097        650         2157        648         2215        
609         2156        569         2094        571         2096        611         2098        651         2158        649         2216        
612         2161        572         2099        574         2101        614         2103        654         2163        652         2221        
613         2162        573         2100        575         2102        615         2104        655         2164        653         2222        
616         2167        576         2105        578         2107        618         2109        658         2169        656         2227        
617         2168        577         2106        579         2108        619         2110        659         2170        657         2228        
620         2173        580         2111        582         2113        622         2115        662         2175        660         2233        
621         2174        581         2112        583         2114        623         2116        663         2176        661         2234        
624         2179        584         2117        586         2119        626         2121        666         2181        664         2239        
625         2180        585         2118        587         2120        627         2122        667         2182        665         2240        
628         2185        588         2123        590         2125        630         2127        670         2187        668         2245        
629         2186        589         2124        591         2126        631         2128        671         2188        669         2246        
632         2191        592         2129        594         2131        634         2133        674         2193        672         2251        
633         2192        593         2130        595         2132        635         2134        675         2194        673         2252        
636         2197        596         2135        598         2137        638         2139        678         2199        676         2257        
637         2198        597         2136        599         2138        639         2140        679         2200        677         2258        
640         2203        600         2141        638         2143        678         2199        718         2259        680         2263        
641         2204        601         2142        639         2144        679         2200        719         2260        681         2264        
642         2205        602         2145        604         2147        644         2149        684         2207        682         2267        
643         2206        603         2146        605         2148        645         2150        685         2208        683         2268        
646         2211        606         2151        608         2153        648         2155        688         2213        686         2273        
647         2212        607         2152        609         2154        649         2156        689         2214        687         2274        
650         2217        610         2157        612         2159        652         2161        692         2219        690         2279        
651         2218        611         2158        613         2160        653         2162        693         2220        691         2280        
654         2223        614         2163        616         2165        656         2167        696         2225        694         2285        
655         2224        615         2164        617         2166        657         2168        697         2226        695         2286        
658         2229        618         2169        620         2171        660         2173        700         2231        698         2291        
659         2230        619         2170        621         2172        661         2174        701         2232        699         2292        
662         2235        622         2175        624         2177        664         2179        704         2237        702         2297        
663         2236        623         2176        625         2178        665         2180        705         2238        703         2298        
666         2241        626         2181        628         2183        668         2185        708         2243        706         2303        
667         2242        627         2182        629         2184        669         2186        709         2244        707         2304        
670         2247        630         2187        632         2189        672         2191        712         2249        710         2309        
671         2248        631         2188        633         2190        673         2192        713         2250        711         2310        
674         2253        634         2193        636         2195        676         2197        716         2255        714         2315        
675         2254        635         2194        637         2196        677         2198        717         2256        715         2316        
680         2261        640         2203        642         2201        682         2205        722         2265        720         2321        
681         2262        641         2204        643         2202        683         2206        723         2266        721         2322        
684         2269        644         2207        646         2209        686         2211        726         2271        724         2329        
685         2270        645         2208        647         2210        687         2212        727         2272        725         2330        
688         2275        648         2213        650         2215        690         2217        730         2277        728         2335        
689         2276        649         2214        651         2216        691         2218        731         2278        729         2336        
692         2281        652         2219        654         2221        694         2223        734         2283        732         2341        
693         2282        653         2220        655         2222        695         2224        735         2284        733         2342        
696         2287        656         2225        658         2227        698         2229        738         2289        736         2347        
697         2288        657         2226        659         2228        699         2230        739         2290        737         2348        
700         2293        660         2231        662         2233        702         2235        742         2295        740         2353        
701         2294        661         2232        663         2234        703         2236        743         2296        741         2354        
704         2299        664         2237        666         2239        706         2241        746         2301        744         2359        
705         2300        665         2238        667         2240        707         2242        747         2302        745         2360        
708         2305        668         2243        670         2245        710         2247        750         2307        748         2365        
709         2306        669         2244        671         2246        711         2248        751         2308        749         2366        
712         2311        672         2249        674         2251        714         2253        754         2313        752         2371        
713         2312        673         2250        675         2252        715         2254        755         2314        753         2372        
716         2317        676         2255        678         2257        718         2259        758         2319        756         2377        
717         2318        677         2256        679         2258        719         2260        759         2320        757         2378        
720         2323        680         2261        718         2263        758         2319        798         2379        760         2381        
721         2324        681         2262        719         2264        759         2320        799         2380        761         2382        
722         2325        682         2265        684         2267        724         2269        764         2327        762         2383        
723         2326        683         2266        685         2268        725         2270        765         2328        763         2384        
726         2331        686         2271        688         2273        728         2275        768         2333        766         2385        
727         2332        687         2272        689         2274        729         2276        769         2334        767         2386        
730         2337        690         2277        692         2279        732         2281        772         2339        770         2387        
731         2338        691         2278        693         2280        733         2282        773         2340        771         2388        
734         2343        694         2283        696         2285        736         2287        776         2345        774         2389        
735         2344        695         2284        697         2286        737         2288        777         2346        775         2390        
738         2349        698         2289        700         2291        740         2293        780         2351        778         2391        
739         2350        699         2290        701         2292        741         2294        781         2352        779         2392        
742         2355        702         2295        704         2297        744         2299        784         2357        782         2393        
743         2356        703         2296        705         2298        745         2300        785         2358        783         2394        
746         2361        706         2301        708         2303        748         2305        788         2363        786         2395        
747         2362        707         2302        709         2304        749         2306        789         2364        787         2396        
750         2367        710         2307        712         2309        752         2311        792         2369        790         2397        
751         2368        711         2308        713         2310        753         2312        793         2370        791         2398        
754         2373        714         2313        716         2315        756         2317        796         2375        794         2399        
755         2374        715         2314        717         2316        757         2318        797         2376        795         2400        
760         1205        720         2323        722         2321        762         2325        2           1207        0           1203        
761         1206        721         2324        723         2322        763         2326        3           1208        1           1204        
764         1215        724         2327        726         2329        766         2331        6           1217        4           1213        
765         1216        725         2328        727         2330        767         2332        7           1218        5           1214        
768         1225        728         2333        730         2335        770         2337        10          1227        8           1223        
769         1226        729         2334        731         2336        771         2338        11          1228        9           1224        
772         1235        732         2339        734         2341        774         2343        14          1237        12          1233        
773         1236        733         2340        735         2342        775         2344        15          1238        13          1234        
776         1245        736         2345        738         2347        778         2349        18          1247        16          1243        
777         1246        737         2346        739         2348        779         2350        19          1248        17          1244        
780         1255        740         2351        742         2353        782         2355        22          1257        20          1253        
781         1256        741         2352        743         2354        783         2356        23          1258        21          1254        
784         1265        744         2357        746         2359        786         2361        26          1267        24          1263        
785         1266        745         2358        747         2360        787         2362        27          1268        25          1264        
788         1275        748         2363        750         2365        790         2367        30          1277        28          1273        
789         1276        749         2364        751         2366        791         2368        31          1278        29          1274        
792         1285        752         2369        754         2371        794         2373        34          1287        32          1283        
793         1286        753         2370        755         2372        795         2374        35          1288        33          1284        
796         1295        756         2375        758         2377        798         2379        38          1297        36          1293        
797         1296        757         2376        759         2378        799         2380        39          1298        37          1294        
