1205        1201        1303        1299        1297        2381        
1206        1202        1304        1300        1298        2382        
1207        1209        1307        1211        1215        2383        
1208        1210        1308        1212        1216        2384        
1217        1219        1313        1221        1225        2385        
1218        1220        1314        1222        1226        2386        
1227        1229        1319        1231        1235        2387        
1228        1230        1320        1232        1236        2388        
1237        1239        1325        1241        1245        2389        
1238        1240        1326        1242        1246        2390        
1247        1249        1331        1251        1255        2391        
1248        1250        1332        1252        1256        2392        
1257        1259        1337        1261        1265        2393        
1258        1260        1338        1262        1266        2394        
1267        1269        1343        1271        1275        2395        
1268        1270        1344        1272        1276        2396        
1277        1279        1349        1281        1285        2397        
1278        1280        1350        1282        1286        2398        
1287        1289        1355        1291        1295        2399        
1288        1290        1356        1292        1296        2400        
1301        1201        1203        1209        1305        1361        
1302        1202        1204        1210        1306        1362        
1309        1211        1213        1219        1311        1369        
1310        1212        1214        1220        1312        1370        
1315        1221        1223        1229        1317        1375        
1316        1222        1224        1230        1318        1376        
1321        1231        1233        1239        1323        1381        
1322        1232        1234        1240        1324        1382        
1327        1241        1243        1249        1329        1387        
1328        1242        1244        1250        1330        1388        
1333        1251        1253        1259        1335        1393        
1334        1252        1254        1260        1336        1394        
1339        1261        1263        1269        1341        1399        
1340        1262        1264        1270        1342        1400        
1345        1271        1273        1279        1347        1405        
1346        1272        1274        1280        1348        1406        
1351        1281        1283        1289        1353        1411        
1352        1282        1284        1290        1354        1412        
1357        1291        1293        1299        1359        1417        
1358        1292        1294        1300        1360        1418        
1363        1301        1303        1359        1419        1423        
1364        1302        1304        1360        1420        1424        
1365        1305        1307        1309        1367        1427        
1366        1306        1308        1310        1368        1428        
1371        1311        1313        1315        1373        1433        
1372        1312        1314        1316        1374        1434        
1377        1317        1319        1321        1379        1439        
1378        1318        1320        1322        1380        1440        
1383        1323        1325        1327        1385        1445        
1384        1324        1326        1328        1386        1446        
1389        1329        1331        1333        1391        1451        
1390        1330        1332        1334        1392        1452        
1395        1335        1337        1339        1397        1457        
1396        1336        1338        1340        1398        1458        
1401        1341        1343        1345        1403        1463        
1402        1342        1344        1346        1404        1464        
1407        1347        1349        1351        1409        1469        
1408        1348        1350        1352        1410        1470        
1413        1353        1355        1357        1415        1475        
1414        1354        1356        1358        1416        1476        
1421        1363        1361        1365        1425        1481        
1422        1364        1362        1366        1426        1482        
1429        1367        1369        1371        1431        1489        
1430        1368        1370        1372        1432        1490        
1435        1373        1375        1377        1437        1495        
1436        1374        1376        1378        1438        1496        
1441        1379        1381        1383        1443        1501        
1442        1380        1382        1384        1444        1502        
1447        1385        1387        1389        1449        1507        
1448        1386        1388        1390        1450        1508        
1453        1391        1393        1395        1455        1513        
1454        1392        1394        1396        1456        1514        
1459        1397        1399        1401        1461        1519        
1460        1398        1400        1402        1462        1520        
1465        1403        1405        1407        1467        1525        
1466        1404        1406        1408        1468        1526        
1471        1409        1411        1413        1473        1531        
1472        1410        1412        1414        1474        1532        
1477        1415        1417        1419        1479        1537        
1478        1416        1418        1420        1480        1538        
1483        1421        1423        1479        1539        1543        
1484        1422        1424        1480        1540        1544        
1485        1425        1427        1429        1487        1547        
1486        1426        1428        1430        1488        1548        
1491        1431        1433        1435        1493        1553        
1492        1432        1434        1436        1494        1554        
1497        1437        1439        1441        1499        1559        
1498        1438        1440        1442        1500        1560        
1503        1443        1445        1447        1505        1565        
1504        1444        1446        1448        1506        1566        
1509        1449        1451        1453        1511        1571        
1510        1450        1452        1454        1512        1572        
1515        1455        1457        1459        1517        1577        
1516        1456        1458        1460        1518        1578        
1521        1461        1463        1465        1523        1583        
1522        1462        1464        1466        1524        1584        
1527        1467        1469        1471        1529        1589        
1528        1468        1470        1472        1530        1590        
1533        1473        1475        1477        1535        1595        
1534        1474        1476        1478        1536        1596        
1541        1483        1481        1485        1545        1601        
1542        1484        1482        1486        1546        1602        
1549        1487        1489        1491        1551        1609        
1550        1488        1490        1492        1552        1610        
1555        1493        1495        1497        1557        1615        
1556        1494        1496        1498        1558        1616        
1561        1499        1501        1503        1563        1621        
1562        1500        1502        1504        1564        1622        
1567        1505        1507        1509        1569        1627        
1568        1506        1508        1510        1570        1628        
1573        1511        1513        1515        1575        1633        
1574        1512        1514        1516        1576        1634        
1579        1517        1519        1521        1581        1639        
1580        1518        1520        1522        1582        1640        
1585        1523        1525        1527        1587        1645        
1586        1524        1526        1528        1588        1646        
1591        1529        1531        1533        1593        1651        
1592        1530        1532        1534        1594        1652        
1597        1535        1537        1539        1599        1657        
1598        1536        1538        1540        1600        1658        
1603        1541        1543        1599        1659        1663        
1604        1542        1544        1600        1660        1664        
1605        1545        1547        1549        1607        1667        
1606        1546        1548        1550        1608        1668        
1611        1551        1553        1555        1613        1673        
1612        1552        1554        1556        1614        1674        
1617        1557        1559        1561        1619        1679        
1618        1558        1560        1562        1620        1680        
1623        1563        1565        1567        1625        1685        
1624        1564        1566        1568        1626        1686        
1629        1569        1571        1573        1631        1691        
1630        1570        1572        1574        1632        1692        
1635        1575        1577        1579        1637        1697        
1636        1576        1578        1580        1638        1698        
1641        1581        1583        1585        1643        1703        
1642        1582        1584        1586        1644        1704        
1647        1587        1589        1591        1649        1709        
1648        1588        1590        1592        1650        1710        
1653        1593        1595        1597        1655        1715        
1654        1594        1596        1598        1656        1716        
1661        1603        1601        1605        1665        1721        
1662        1604        1602        1606        1666        1722        
1669        1607        1609        1611        1671        1729        
1670        1608        1610        1612        1672        1730        
1675        1613        1615        1617        1677        1735        
1676        1614        1616        1618        1678        1736        
1681        1619        1621        1623        1683        1741        
1682        1620        1622        1624        1684        1742        
1687        1625        1627        1629        1689        1747        
1688        1626        1628        1630        1690        1748        
1693        1631        1633        1635        1695        1753        
1694        1632        1634        1636        1696        1754        
1699        1637        1639        1641        1701        1759        
1700        1638        1640        1642        1702        1760        
1705        1643        1645        1647        1707        1765        
1706        1644        1646        1648        1708        1766        
1711        1649        1651        1653        1713        1771        
1712        1650        1652        1654        1714        1772        
1717        1655        1657        1659        1719        1777        
1718        1656        1658        1660        1720        1778        
1723        1661        1663        1719        1779        1783        
1724        1662        1664        1720        1780        1784        
1725        1665        1667        1669        1727        1787        
1726        1666        1668        1670        1728        1788        
1731        1671        1673        1675        1733        1793        
1732        1672        1674        1676        1734        1794        
1737        1677        1679        1681        1739        1799        
1738        1678        1680        1682        1740        1800        
1743        1683        1685        1687        1745        1805        
1744        1684        1686        1688        1746        1806        
1749        1689        1691        1693        1751        1811        
1750        1690        1692        1694        1752        1812        
1755        1695        1697        1699        1757        1817        
1756        1696        1698        1700        1758        1818        
1761        1701        1703        1705        1763        1823        
1762        1702        1704        1706        1764        1824        
1767        1707        1709        1711        1769        1829        
1768        1708        1710        1712        1770        1830        
1773        1713        1715        1717        1775        1835        
1774        1714        1716        1718        1776        1836        
1781        1723        1721        1725        1785        1841        
1782        1724        1722        1726        1786        1842        
1789        1727        1729        1731        1791        1849        
1790        1728        1730        1732        1792        1850        
1795        1733        1735        1737        1797        1855        
1796        1734        1736        1738        1798        1856        
1801        1739        1741        1743        1803        1861        
1802        1740        1742        1744        1804        1862        
1807        1745        1747        1749        1809        1867        
1808        1746        1748        1750        1810        1868        
1813        1751        1753        1755        1815        1873        
1814        1752        1754        1756        1816        1874        
1819        1757        1759        1761        1821        1879        
1820        1758        1760        1762        1822        1880        
1825        1763        1765        1767        1827        1885        
1826        1764        1766        1768        1828        1886        
1831        1769        1771        1773        1833        1891        
1832        1770        1772        1774        1834        1892        
1837        1775        1777        1779        1839        1897        
1838        1776        1778        1780        1840        1898        
1843        1781        1783        1839        1899        1903        
1844        1782        1784        1840        1900        1904        
1845        1785        1787        1789        1847        1907        
1846        1786        1788        1790        1848        1908        
1851        1791        1793        1795        1853        1913        
1852        1792        1794        1796        1854        1914        
1857        1797        1799        1801        1859        1919        
1858        1798        1800        1802        1860        1920        
1863        1803        1805        1807        1865        1925        
1864        1804        1806        1808        1866        1926        
1869        1809        1811        1813        1871        1931        
1870        1810        1812        1814        1872        1932        
1875        1815        1817        1819        1877        1937        
1876        1816        1818        1820        1878        1938        
1881        1821        1823        1825        1883        1943        
1882        1822        1824        1826        1884        1944        
1887        1827        1829        1831        1889        1949        
1888        1828        1830        1832        1890        1950        
1893        1833        1835        1837        1895        1955        
1894        1834        1836        1838        1896        1956        
1901        1843        1841        1845        1905        1961        
1902        1844        1842        1846        1906        1962        
1909        1847        1849        1851        1911        1969        
1910        1848        1850        1852        1912        1970        
1915        1853        1855        1857        1917        1975        
1916        1854        1856        1858        1918        1976        
1921        1859        1861        1863        1923        1981        
1922        1860        1862        1864        1924        1982        
1927        1865        1867        1869        1929        1987        
1928        1866        1868        1870        1930        1988        
1933        1871        1873        1875        1935        1993        
1934        1872        1874        1876        1936        1994        
1939        1877        1879        1881        1941        1999        
1940        1878        1880        1882        1942        2000        
1945        1883        1885        1887        1947        2005        
1946        1884        1886        1888        1948        2006        
1951        1889        1891        1893        1953        2011        
1952        1890        1892        1894        1954        2012        
1957        1895        1897        1899        1959        2017        
1958        1896        1898        1900        1960        2018        
1963        1901        1903        1959        2019        2023        
1964        1902        1904        1960        2020        2024        
1965        1905        1907        1909        1967        2027        
1966        1906        1908        1910        1968        2028        
1971        1911        1913        1915        1973        2033        
1972        1912        1914        1916        1974        2034        
1977        1917        1919        1921        1979        2039        
1978        1918        1920        1922        1980        2040        
1983        1923        1925        1927        1985        2045        
1984        1924        1926        1928        1986        2046        
1989        1929        1931        1933        1991        2051        
1990        1930        1932        1934        1992        2052        
1995        1935        1937        1939        1997        2057        
1996        1936        1938        1940        1998        2058        
2001        1941        1943        1945        2003        2063        
2002        1942        1944        1946        2004        2064        
2007        1947        1949        1951        2009        2069        
2008        1948        1950        1952        2010        2070        
2013        1953        1955        1957        2015        2075        
2014        1954        1956        1958        2016        2076        
2021        1963        1961        1965        2025        2081        
2022        1964        1962        1966        2026        2082        
2029        1967        1969        1971        2031        2089        
2030        1968        1970        1972        2032        2090        
2035        1973        1975        1977        2037        2095        
2036        1974        1976        1978        2038        2096        
2041        1979        1981        1983        2043        2101        
2042        1980        1982        1984        2044        2102        
2047        1985        1987        1989        2049        2107        
2048        1986        1988        1990        2050        2108        
2053        1991        1993        1995        2055        2113        
2054        1992        1994        1996        2056        2114        
2059        1997        1999        2001        2061        2119        
2060        1998        2000        2002        2062        2120        
2065        2003        2005        2007        2067        2125        
2066        2004        2006        2008        2068        2126        
2071        2009        2011        2013        2073        2131        
2072        2010        2012        2014        2074        2132        
2077        2015        2017        2019        2079        2137        
2078        2016        2018        2020        2080        2138        
2083        2021        2023        2079        2139        2143        
2084        2022        2024        2080        2140        2144        
2085        2025        2027        2029        2087        2147        
2086        2026        2028        2030        2088        2148        
2091        2031        2033        2035        2093        2153        
2092        2032        2034        2036        2094        2154        
2097        2037        2039        2041        2099        2159        
2098        2038        2040        2042        2100        2160        
2103        2043        2045        2047        2105        2165        
2104        2044        2046        2048        2106        2166        
2109        2049        2051        2053        2111        2171        
2110        2050        2052        2054        2112        2172        
2115        2055        2057        2059        2117        2177        
2116        2056        2058        2060        2118        2178        
2121        2061        2063        2065        2123        2183        
2122        2062        2064        2066        2124        2184        
2127        2067        2069        2071        2129        2189        
2128        2068        2070        2072        2130        2190        
2133        2073        2075        2077        2135        2195        
2134        2074        2076        2078        2136        2196        
2141        2083        2081        2085        2145        2201        
2142        2084        2082        2086        2146        2202        
2149        2087        2089        2091        2151        2209        
2150        2088        2090        2092        2152        2210        
2155        2093        2095        2097        2157        2215        
2156        2094        2096        2098        2158        2216        
2161        2099        2101        2103        2163        2221        
2162        2100        2102        2104        2164        2222        
2167        2105        2107        2109        2169        2227        
2168        2106        2108        2110        2170        2228        
2173        2111        2113        2115        2175        2233        
2174        2112        2114        2116        2176        2234        
2179        2117        2119        2121        2181        2239        
2180        2118        2120        2122        2182        2240        
2185        2123        2125        2127        2187        2245        
2186        2124        2126        2128        2188        2246        
2191        2129        2131        2133        2193        2251        
2192        2130        2132        2134        2194        2252        
2197        2135        2137        2139        2199        2257        
2198        2136        2138        2140        2200        2258        
2203        2141        2143        2199        2259        2263        
2204        2142        2144        2200        2260        2264        
2205        2145        2147        2149        2207        2267        
2206        2146        2148        2150        2208        2268        
2211        2151        2153        2155        2213        2273        
2212        2152        2154        2156        2214        2274        
2217        2157        2159        2161        2219        2279        
2218        2158        2160        2162        2220        2280        
2223        2163        2165        2167        2225        2285        
2224        2164        2166        2168        2226        2286        
2229        2169        2171        2173        2231        2291        
2230        2170        2172        2174        2232        2292        
2235        2175        2177        2179        2237        2297        
2236        2176        2178        2180        2238        2298        
2241        2181        2183        2185        2243        2303        
2242        2182        2184        2186        2244        2304        
2247        2187        2189        2191        2249        2309        
2248        2188        2190        2192        2250        2310        
2253        2193        2195        2197        2255        2315        
2254        2194        2196        2198        2256        2316        
2261        2203        2201        2205        2265        2321        
2262        2204        2202        2206        2266        2322        
2269        2207        2209        2211        2271        2329        
2270        2208        2210        2212        2272        2330        
2275        2213        2215        2217        2277        2335        
2276        2214        2216        2218        2278        2336        
2281        2219        2221        2223        2283        2341        
2282        2220        2222        2224        2284        2342        
2287        2225        2227        2229        2289        2347        
2288        2226        2228        2230        2290        2348        
2293        2231        2233        2235        2295        2353        
2294        2232        2234        2236        2296        2354        
2299        2237        2239        2241        2301        2359        
2300        2238        2240        2242        2302        2360        
2305        2243        2245        2247        2307        2365        
2306        2244        2246        2248        2308        2366        
2311        2249        2251        2253        2313        2371        
2312        2250        2252        2254        2314        2372        
2317        2255        2257        2259        2319        2377        
2318        2256        2258        2260        2320        2378        
2323        2261        2263        2319        2379        2381        
2324        2262        2264        2320        2380        2382        
2325        2265        2267        2269        2327        2383        
2326        2266        2268        2270        2328        2384        
2331        2271        2273        2275        2333        2385        
2332        2272        2274        2276        2334        2386        
2337        2277        2279        2281        2339        2387        
2338        2278        2280        2282        2340        2388        
2343        2283        2285        2287        2345        2389        
2344        2284        2286        2288        2346        2390        
2349        2289        2291        2293        2351        2391        
2350        2290        2292        2294        2352        2392        
2355        2295        2297        2299        2357        2393        
2356        2296        2298        2300        2358        2394        
2361        2301        2303        2305        2363        2395        
2362        2302        2304        2306        2364        2396        
2367        2307        2309        2311        2369        2397        
2368        2308        2310        2312        2370        2398        
2373        2313        2315        2317        2375        2399        
2374        2314        2316        2318        2376        2400        
1205        2323        2321        2325        1207        1203        
1206        2324        2322        2326        1208        1204        
1215        2327        2329        2331        1217        1213        
1216        2328        2330        2332        1218        1214        
1225        2333        2335        2337        1227        1223        
1226        2334        2336        2338        1228        1224        
1235        2339        2341        2343        1237        1233        
1236        2340        2342        2344        1238        1234        
1245        2345        2347        2349        1247        1243        
1246        2346        2348        2350        1248        1244        
1255        2351        2353        2355        1257        1253        
1256        2352        2354        2356        1258        1254        
1265        2357        2359        2361        1267        1263        
1266        2358        2360        2362        1268        1264        
1275        2363        2365        2367        1277        1273        
1276        2364        2366        2368        1278        1274        
1285        2369        2371        2373        1287        1283        
1286        2370        2372        2374        1288        1284        
1295        2375        2377        2379        1297        1293        
1296        2376        2378        2380        1298        1294        
