0           40          78          38          798         760         
1           41          79          39          799         761         
2           42          44          4           764         762         
3           43          45          5           765         763         
6           46          48          8           768         766         
7           47          49          9           769         767         
10          50          52          12          772         770         
11          51          53          13          773         771         
14          54          56          16          776         774         
15          55          57          17          777         775         
18          58          60          20          780         778         
19          59          61          21          781         779         
22          62          64          24          784         782         
23          63          65          25          785         783         
26          66          68          28          788         786         
27          67          69          29          789         787         
30          70          72          32          792         790         
31          71          73          33          793         791         
34          74          76          36          796         794         
35          75          77          37          797         795         
40          0           2           42          82          80          
41          1           3           43          83          81          
44          4           6           46          86          84          
45          5           7           47          87          85          
48          8           10          50          90          88          
49          9           11          51          91          89          
52          12          14          54          94          92          
53          13          15          55          95          93          
56          16          18          58          98          96          
57          17          19          59          99          97          
60          20          22          62          102         100         
61          21          23          63          103         101         
64          24          26          66          106         104         
65          25          27          67          107         105         
68          28          30          70          110         108         
69          29          31          71          111         109         
72          32          34          74          114         112         
73          33          35          75          115         113         
76          36          38          78          118         116         
77          37          39          79          119         117         
80          40          78          118         158         120         
81          41          79          119         159         121         
82          42          44          84          124         122         
83          43          45          85          125         123         
86          46          48          88          128         126         
87          47          49          89          129         127         
90          50          52          92          132         130         
91          51          53          93          133         131         
94          54          56          96          136         134         
95          55          57          97          137         135         
98          58          60          100         140         138         
99          59          61          101         141         139         
102         62          64          104         144         142         
103         63          65          105         145         143         
106         66          68          108         148         146         
107         67          69          109         149         147         
110         70          72          112         152         150         
111         71          73          113         153         151         
114         74          76          116         156         154         
115         75          77          117         157         155         
120         80          82          122         162         160         
121         81          83          123         163         161         
124         84          86          126         166         164         
125         85          87          127         167         165         
128         88          90          130         170         168         
129         89          91          131         171         169         
132         92          94          134         174         172         
133         93          95          135         175         173         
136         96          98          138         178         176         
137         97          99          139         179         177         
140         100         102         142         182         180         
141         101         103         143         183         181         
144         104         106         146         186         184         
145         105         107         147         187         185         
148         108         110         150         190         188         
149         109         111         151         191         189         
152         112         114         154         194         192         
153         113         115         155         195         193         
156         116         118         158         198         196         
157         117         119         159         199         197         
160         120         158         198         238         200         
161         121         159         199         239         201         
162         122         124         164         204         202         
163         123         125         165         205         203         
166         126         128         168         208         206         
167         127         129         169         209         207         
170         130         132         172         212         210         
171         131         133         173         213         211         
174         134         136         176         216         214         
175         135         137         177         217         215         
178         138         140         180         220         218         
179         139         141         181         221         219         
182         142         144         184         224         222         
183         143         145         185         225         223         
186         146         148         188         228         226         
187         147         149         189         229         227         
190         150         152         192         232         230         
191         151         153         193         233         231         
194         154         156         196         236         234         
195         155         157         197         237         235         
200         160         162         202         242         240         
201         161         163         203         243         241         
204         164         166         206         246         244         
205         165         167         207         247         245         
208         168         170         210         250         248         
209         169         171         211         251         249         
212         172         174         214         254         252         
213         173         175         215         255         253         
216         176         178         218         258         256         
217         177         179         219         259         257         
220         180         182         222         262         260         
221         181         183         223         263         261         
224         184         186         226         266         264         
225         185         187         227         267         265         
228         188         190         230         270         268         
229         189         191         231         271         269         
232         192         194         234         274         272         
233         193         195         235         275         273         
236         196         198         238         278         276         
237         197         199         239         279         277         
240         200         238         278         318         280         
241         201         239         279         319         281         
242         202         204         244         284         282         
243         203         205         245         285         283         
246         206         208         248         288         286         
247         207         209         249         289         287         
250         210         212         252         292         290         
251         211         213         253         293         291         
254         214         216         256         296         294         
255         215         217         257         297         295         
258         218         220         260         300         298         
259         219         221         261         301         299         
262         222         224         264         304         302         
263         223         225         265         305         303         
266         226         228         268         308         306         
267         227         229         269         309         307         
270         230         232         272         312         310         
271         231         233         273         313         311         
274         234         236         276         316         314         
275         235         237         277         317         315         
280         240         242         282         322         320         
281         241         243         283         323         321         
284         244         246         286         326         324         
285         245         247         287         327         325         
288         248         250         290         330         328         
289         249         251         291         331         329         
292         252         254         294         334         332         
293         253         255         295         335         333         
296         256         258         298         338         336         
297         257         259         299         339         337         
300         260         262         302         342         340         
301         261         263         303         343         341         
304         264         266         306         346         344         
305         265         267         307         347         345         
308         268         270         310         350         348         
309         269         271         311         351         349         
312         272         274         314         354         352         
313         273         275         315         355         353         
316         276         278         318         358         356         
317         277         279         319         359         357         
320         280         318         358         398         360         
321         281         319         359         399         361         
322         282         284         324         364         362         
323         283         285         325         365         363         
326         286         288         328         368         366         
327         287         289         329         369         367         
330         290         292         332         372         370         
331         291         293         333         373         371         
334         294         296         336         376         374         
335         295         297         337         377         375         
338         298         300         340         380         378         
339         299         301         341         381         379         
342         302         304         344         384         382         
343         303         305         345         385         383         
346         306         308         348         388         386         
347         307         309         349         389         387         
350         310         312         352         392         390         
351         311         313         353         393         391         
354         314         316         356         396         394         
355         315         317         357         397         395         
360         320         322         362         402         400         
361         321         323         363         403         401         
364         324         326         366         406         404         
365         325         327         367         407         405         
368         328         330         370         410         408         
369         329         331         371         411         409         
372         332         334         374         414         412         
373         333         335         375         415         413         
376         336         338         378         418         416         
377         337         339         379         419         417         
380         340         342         382         422         420         
381         341         343         383         423         421         
384         344         346         386         426         424         
385         345         347         387         427         425         
388         348         350         390         430         428         
389         349         351         391         431         429         
392         352         354         394         434         432         
393         353         355         395         435         433         
396         356         358         398         438         436         
397         357         359         399         439         437         
400         360         398         438         478         440         
401         361         399         439         479         441         
402         362         364         404         444         442         
403         363         365         405         445         443         
406         366         368         408         448         446         
407         367         369         409         449         447         
410         370         372         412         452         450         
411         371         373         413         453         451         
414         374         376         416         456         454         
415         375         377         417         457         455         
418         378         380         420         460         458         
419         379         381         421         461         459         
422         382         384         424         464         462         
423         383         385         425         465         463         
426         386         388         428         468         466         
427         387         389         429         469         467         
430         390         392         432         472         470         
431         391         393         433         473         471         
434         394         396         436         476         474         
435         395         397         437         477         475         
440         400         402         442         482         480         
441         401         403         443         483         481         
444         404         406         446         486         484         
445         405         407         447         487         485         
448         408         410         450         490         488         
449         409         411         451         491         489         
452         412         414         454         494         492         
453         413         415         455         495         493         
456         416         418         458         498         496         
457         417         419         459         499         497         
460         420         422         462         502         500         
461         421         423         463         503         501         
464         424         426         466         506         504         
465         425         427         467         507         505         
468         428         430         470         510         508         
469         429         431         471         511         509         
472         432         434         474         514         512         
473         433         435         475         515         513         
476         436         438         478         518         516         
477         437         439         479         519         517         
480         440         478         518         558         520         
481         441         479         519         559         521         
482         442         444         484         524         522         
483         443         445         485         525         523         
486         446         448         488         528         526         
487         447         449         489         529         527         
490         450         452         492         532         530         
491         451         453         493         533         531         
494         454         456         496         536         534         
495         455         457         497         537         535         
498         458         460         500         540         538         
499         459         461         501         541         539         
502         462         464         504         544         542         
503         463         465         505         545         543         
506         466         468         508         548         546         
507         467         469         509         549         547         
510         470         472         512         552         550         
511         471         473         513         553         551         
514         474         476         516         556         554         
515         475         477         517         557         555         
520         480         482         522         562         560         
521         481         483         523         563         561         
524         484         486         526         566         564         
525         485         487         527         567         565         
528         488         490         530         570         568         
529         489         491         531         571         569         
532         492         494         534         574         572         
533         493         495         535         575         573         
536         496         498         538         578         576         
537         497         499         539         579         577         
540         500         502         542         582         580         
541         501         503         543         583         581         
544         504         506         546         586         584         
545         505         507         547         587         585         
548         508         510         550         590         588         
549         509         511         551         591         589         
552         512         514         554         594         592         
553         513         515         555         595         593         
556         516         518         558         598         596         
557         517         519         559         599         597         
560         520         558         598         638         600         
561         521         559         599         639         601         
562         522         524         564         604         602         
563         523         525         565         605         603         
566         526         528         568         608         606         
567         527         529         569         609         607         
570         530         532         572         612         610         
571         531         533         573         613         611         
574         534         536         576         616         614         
575         535         537         577         617         615         
578         538         540         580         620         618         
579         539         541         581         621         619         
582         542         544         584         624         622         
583         543         545         585         625         623         
586         546         548         588         628         626         
587         547         549         589         629         627         
590         550         552         592         632         630         
591         551         553         593         633         631         
594         554         556         596         636         634         
595         555         557         597         637         635         
600         560         562         602         642         640         
601         561         563         603         643         641         
604         564         566         606         646         644         
605         565         567         607         647         645         
608         568         570         610         650         648         
609         569         571         611         651         649         
612         572         574         614         654         652         
613         573         575         615         655         653         
616         576         578         618         658         656         
617         577         579         619         659         657         
620         580         582         622         662         660         
621         581         583         623         663         661         
624         584         586         626         666         664         
625         585         587         627         667         665         
628         588         590         630         670         668         
629         589         591         631         671         669         
632         592         594         634         674         672         
633         593         595         635         675         673         
636         596         598         638         678         676         
637         597         599         639         679         677         
640         600         638         678         718         680         
641         601         639         679         719         681         
642         602         604         644         684         682         
643         603         605         645         685         683         
646         606         608         648         688         686         
647         607         609         649         689         687         
650         610         612         652         692         690         
651         611         613         653         693         691         
654         614         616         656         696         694         
655         615         617         657         697         695         
658         618         620         660         700         698         
659         619         621         661         701         699         
662         622         624         664         704         702         
663         623         625         665         705         703         
666         626         628         668         708         706         
667         627         629         669         709         707         
670         630         632         672         712         710         
671         631         633         673         713         711         
674         634         636         676         716         714         
675         635         637         677         717         715         
680         640         642         682         722         720         
681         641         643         683         723         721         
684         644         646         686         726         724         
685         645         647         687         727         725         
688         648         650         690         730         728         
689         649         651         691         731         729         
692         652         654         694         734         732         
693         653         655         695         735         733         
696         656         658         698         738         736         
697         657         659         699         739         737         
700         660         662         702         742         740         
701         661         663         703         743         741         
704         664         666         706         746         744         
705         665         667         707         747         745         
708         668         670         710         750         748         
709         669         671         711         751         749         
712         672         674         714         754         752         
713         673         675         715         755         753         
716         676         678         718         758         756         
717         677         679         719         759         757         
720         680         718         758         798         760         
721         681         719         759         799         761         
722         682         684         724         764         762         
723         683         685         725         765         763         
726         686         688         728         768         766         
727         687         689         729         769         767         
730         690         692         732         772         770         
731         691         693         733         773         771         
734         694         696         736         776         774         
735         695         697         737         777         775         
738         698         700         740         780         778         
739         699         701         741         781         779         
742         702         704         744         784         782         
743         703         705         745         785         783         
746         706         708         748         788         786         
747         707         709         749         789         787         
750         710         712         752         792         790         
751         711         713         753         793         791         
754         714         716         756         796         794         
755         715         717         757         797         795         
760         720         722         762         2           0           
761         721         723         763         3           1           
764         724         726         766         6           4           
765         725         727         767         7           5           
768         728         730         770         10          8           
769         729         731         771         11          9           
772         732         734         774         14          12          
773         733         735         775         15          13          
776         736         738         778         18          16          
777         737         739         779         19          17          
780         740         742         782         22          20          
781         741         743         783         23          21          
784         744         746         786         26          24          
785         745         747         787         27          25          
788         748         750         790         30          28          
789         749         751         791         31          29          
792         752         754         794         34          32          
793         753         755         795         35          33          
796         756         758         798         38          36          
797         757         759         799         39          37          
