820         1180        1198        838         840         1160        
821         1181        1199        839         841         1161        
1180        820         822         1182        842         1162        
1181        821         823         1183        843         1163        
1182        822         824         1184        844         1164        
1183        823         825         1185        845         1165        
1184        824         826         1186        846         1166        
1185        825         827         1187        847         1167        
1186        826         828         1188        848         1168        
1187        827         829         1189        849         1169        
1188        828         830         1190        850         1170        
1189        829         831         1191        851         1171        
1190        830         832         1192        852         1172        
1191        831         833         1193        853         1173        
1192        832         834         1194        854         1174        
1193        833         835         1195        855         1175        
1194        834         836         1196        856         1176        
1195        835         837         1197        857         1177        
1196        836         838         1198        858         1178        
1197        837         839         1199        859         1179        
800         1180        802         840         842         860         
801         1181        803         841         843         861         
802         1182        804         842         844         862         
803         1183        805         843         845         863         
804         1184        806         844         846         864         
805         1185        807         845         847         865         
806         1186        808         846         848         866         
807         1187        809         847         849         867         
808         1188        810         848         850         868         
809         1189        811         849         851         869         
810         1190        812         850         852         870         
811         1191        813         851         853         871         
812         1192        814         852         854         872         
813         1193        815         853         855         873         
814         1194        816         854         856         874         
815         1195        817         855         857         875         
816         1196        818         856         858         876         
817         1197        819         857         859         877         
818         1198        800         858         840         878         
819         1199        801         859         841         879         
820         800         838         860         878         880         
821         801         839         861         879         881         
820         802         822         860         862         882         
821         803         823         861         863         883         
822         804         824         862         864         884         
823         805         825         863         865         885         
824         806         826         864         866         886         
825         807         827         865         867         887         
826         808         828         866         868         888         
827         809         829         867         869         889         
828         810         830         868         870         890         
829         811         831         869         871         891         
830         812         832         870         872         892         
831         813         833         871         873         893         
832         814         834         872         874         894         
833         815         835         873         875         895         
834         816         836         874         876         896         
835         817         837         875         877         897         
836         818         838         876         878         898         
837         819         839         877         879         899         
820         840         842         880         882         900         
821         841         843         881         883         901         
842         822         844         882         884         902         
843         823         845         883         885         903         
844         824         846         884         886         904         
845         825         847         885         887         905         
846         826         848         886         888         906         
847         827         849         887         889         907         
848         828         850         888         890         908         
849         829         851         889         891         909         
850         830         852         890         892         910         
851         831         853         891         893         911         
852         832         854         892         894         912         
853         833         855         893         895         913         
854         834         856         894         896         914         
855         835         857         895         897         915         
856         836         858         896         898         916         
857         837         859         897         899         917         
858         838         840         898         880         918         
859         839         841         899         881         919         
860         840         878         900         918         920         
861         841         879         901         919         921         
860         842         862         900         902         922         
861         843         863         901         903         923         
862         844         864         902         904         924         
863         845         865         903         905         925         
864         846         866         904         906         926         
865         847         867         905         907         927         
866         848         868         906         908         928         
867         849         869         907         909         929         
868         850         870         908         910         930         
869         851         871         909         911         931         
870         852         872         910         912         932         
871         853         873         911         913         933         
872         854         874         912         914         934         
873         855         875         913         915         935         
874         856         876         914         916         936         
875         857         877         915         917         937         
876         858         878         916         918         938         
877         859         879         917         919         939         
860         880         882         920         922         940         
861         881         883         921         923         941         
882         862         884         922         924         942         
883         863         885         923         925         943         
884         864         886         924         926         944         
885         865         887         925         927         945         
886         866         888         926         928         946         
887         867         889         927         929         947         
888         868         890         928         930         948         
889         869         891         929         931         949         
890         870         892         930         932         950         
891         871         893         931         933         951         
892         872         894         932         934         952         
893         873         895         933         935         953         
894         874         896         934         936         954         
895         875         897         935         937         955         
896         876         898         936         938         956         
897         877         899         937         939         957         
898         878         880         938         920         958         
899         879         881         939         921         959         
900         880         918         940         958         960         
901         881         919         941         959         961         
900         882         902         940         942         962         
901         883         903         941         943         963         
902         884         904         942         944         964         
903         885         905         943         945         965         
904         886         906         944         946         966         
905         887         907         945         947         967         
906         888         908         946         948         968         
907         889         909         947         949         969         
908         890         910         948         950         970         
909         891         911         949         951         971         
910         892         912         950         952         972         
911         893         913         951         953         973         
912         894         914         952         954         974         
913         895         915         953         955         975         
914         896         916         954         956         976         
915         897         917         955         957         977         
916         898         918         956         958         978         
917         899         919         957         959         979         
900         920         922         960         962         980         
901         921         923         961         963         981         
922         902         924         962         964         982         
923         903         925         963         965         983         
924         904         926         964         966         984         
925         905         927         965         967         985         
926         906         928         966         968         986         
927         907         929         967         969         987         
928         908         930         968         970         988         
929         909         931         969         971         989         
930         910         932         970         972         990         
931         911         933         971         973         991         
932         912         934         972         974         992         
933         913         935         973         975         993         
934         914         936         974         976         994         
935         915         937         975         977         995         
936         916         938         976         978         996         
937         917         939         977         979         997         
938         918         920         978         960         998         
939         919         921         979         961         999         
940         920         958         980         998         1000        
941         921         959         981         999         1001        
940         922         942         980         982         1002        
941         923         943         981         983         1003        
942         924         944         982         984         1004        
943         925         945         983         985         1005        
944         926         946         984         986         1006        
945         927         947         985         987         1007        
946         928         948         986         988         1008        
947         929         949         987         989         1009        
948         930         950         988         990         1010        
949         931         951         989         991         1011        
950         932         952         990         992         1012        
951         933         953         991         993         1013        
952         934         954         992         994         1014        
953         935         955         993         995         1015        
954         936         956         994         996         1016        
955         937         957         995         997         1017        
956         938         958         996         998         1018        
957         939         959         997         999         1019        
940         960         962         1000        1002        1020        
941         961         963         1001        1003        1021        
962         942         964         1002        1004        1022        
963         943         965         1003        1005        1023        
964         944         966         1004        1006        1024        
965         945         967         1005        1007        1025        
966         946         968         1006        1008        1026        
967         947         969         1007        1009        1027        
968         948         970         1008        1010        1028        
969         949         971         1009        1011        1029        
970         950         972         1010        1012        1030        
971         951         973         1011        1013        1031        
972         952         974         1012        1014        1032        
973         953         975         1013        1015        1033        
974         954         976         1014        1016        1034        
975         955         977         1015        1017        1035        
976         956         978         1016        1018        1036        
977         957         979         1017        1019        1037        
978         958         960         1018        1000        1038        
979         959         961         1019        1001        1039        
980         960         998         1020        1038        1040        
981         961         999         1021        1039        1041        
980         962         982         1020        1022        1042        
981         963         983         1021        1023        1043        
982         964         984         1022        1024        1044        
983         965         985         1023        1025        1045        
984         966         986         1024        1026        1046        
985         967         987         1025        1027        1047        
986         968         988         1026        1028        1048        
987         969         989         1027        1029        1049        
988         970         990         1028        1030        1050        
989         971         991         1029        1031        1051        
990         972         992         1030        1032        1052        
991         973         993         1031        1033        1053        
992         974         994         1032        1034        1054        
993         975         995         1033        1035        1055        
994         976         996         1034        1036        1056        
995         977         997         1035        1037        1057        
996         978         998         1036        1038        1058        
997         979         999         1037        1039        1059        
980         1000        1002        1040        1042        1060        
981         1001        1003        1041        1043        1061        
1002        982         1004        1042        1044        1062        
1003        983         1005        1043        1045        1063        
1004        984         1006        1044        1046        1064        
1005        985         1007        1045        1047        1065        
1006        986         1008        1046        1048        1066        
1007        987         1009        1047        1049        1067        
1008        988         1010        1048        1050        1068        
1009        989         1011        1049        1051        1069        
1010        990         1012        1050        1052        1070        
1011        991         1013        1051        1053        1071        
1012        992         1014        1052        1054        1072        
1013        993         1015        1053        1055        1073        
1014        994         1016        1054        1056        1074        
1015        995         1017        1055        1057        1075        
1016        996         1018        1056        1058        1076        
1017        997         1019        1057        1059        1077        
1018        998         1000        1058        1040        1078        
1019        999         1001        1059        1041        1079        
1020        1000        1038        1060        1078        1080        
1021        1001        1039        1061        1079        1081        
1020        1002        1022        1060        1062        1082        
1021        1003        1023        1061        1063        1083        
1022        1004        1024        1062        1064        1084        
1023        1005        1025        1063        1065        1085        
1024        1006        1026        1064        1066        1086        
1025        1007        1027        1065        1067        1087        
1026        1008        1028        1066        1068        1088        
1027        1009        1029        1067        1069        1089        
1028        1010        1030        1068        1070        1090        
1029        1011        1031        1069        1071        1091        
1030        1012        1032        1070        1072        1092        
1031        1013        1033        1071        1073        1093        
1032        1014        1034        1072        1074        1094        
1033        1015        1035        1073        1075        1095        
1034        1016        1036        1074        1076        1096        
1035        1017        1037        1075        1077        1097        
1036        1018        1038        1076        1078        1098        
1037        1019        1039        1077        1079        1099        
1020        1040        1042        1080        1082        1100        
1021        1041        1043        1081        1083        1101        
1042        1022        1044        1082        1084        1102        
1043        1023        1045        1083        1085        1103        
1044        1024        1046        1084        1086        1104        
1045        1025        1047        1085        1087        1105        
1046        1026        1048        1086        1088        1106        
1047        1027        1049        1087        1089        1107        
1048        1028        1050        1088        1090        1108        
1049        1029        1051        1089        1091        1109        
1050        1030        1052        1090        1092        1110        
1051        1031        1053        1091        1093        1111        
1052        1032        1054        1092        1094        1112        
1053        1033        1055        1093        1095        1113        
1054        1034        1056        1094        1096        1114        
1055        1035        1057        1095        1097        1115        
1056        1036        1058        1096        1098        1116        
1057        1037        1059        1097        1099        1117        
1058        1038        1040        1098        1080        1118        
1059        1039        1041        1099        1081        1119        
1060        1040        1078        1100        1118        1120        
1061        1041        1079        1101        1119        1121        
1060        1042        1062        1100        1102        1122        
1061        1043        1063        1101        1103        1123        
1062        1044        1064        1102        1104        1124        
1063        1045        1065        1103        1105        1125        
1064        1046        1066        1104        1106        1126        
1065        1047        1067        1105        1107        1127        
1066        1048        1068        1106        1108        1128        
1067        1049        1069        1107        1109        1129        
1068        1050        1070        1108        1110        1130        
1069        1051        1071        1109        1111        1131        
1070        1052        1072        1110        1112        1132        
1071        1053        1073        1111        1113        1133        
1072        1054        1074        1112        1114        1134        
1073        1055        1075        1113        1115        1135        
1074        1056        1076        1114        1116        1136        
1075        1057        1077        1115        1117        1137        
1076        1058        1078        1116        1118        1138        
1077        1059        1079        1117        1119        1139        
1060        1080        1082        1120        1122        1140        
1061        1081        1083        1121        1123        1141        
1082        1062        1084        1122        1124        1142        
1083        1063        1085        1123        1125        1143        
1084        1064        1086        1124        1126        1144        
1085        1065        1087        1125        1127        1145        
1086        1066        1088        1126        1128        1146        
1087        1067        1089        1127        1129        1147        
1088        1068        1090        1128        1130        1148        
1089        1069        1091        1129        1131        1149        
1090        1070        1092        1130        1132        1150        
1091        1071        1093        1131        1133        1151        
1092        1072        1094        1132        1134        1152        
1093        1073        1095        1133        1135        1153        
1094        1074        1096        1134        1136        1154        
1095        1075        1097        1135        1137        1155        
1096        1076        1098        1136        1138        1156        
1097        1077        1099        1137        1139        1157        
1098        1078        1080        1138        1120        1158        
1099        1079        1081        1139        1121        1159        
1100        1080        1118        1140        1158        1160        
1101        1081        1119        1141        1159        1161        
1100        1082        1102        1140        1142        1162        
1101        1083        1103        1141        1143        1163        
1102        1084        1104        1142        1144        1164        
1103        1085        1105        1143        1145        1165        
1104        1086        1106        1144        1146        1166        
1105        1087        1107        1145        1147        1167        
1106        1088        1108        1146        1148        1168        
1107        1089        1109        1147        1149        1169        
1108        1090        1110        1148        1150        1170        
1109        1091        1111        1149        1151        1171        
1110        1092        1112        1150        1152        1172        
1111        1093        1113        1151        1153        1173        
1112        1094        1114        1152        1154        1174        
1113        1095        1115        1153        1155        1175        
1114        1096        1116        1154        1156        1176        
1115        1097        1117        1155        1157        1177        
1116        1098        1118        1156        1158        1178        
1117        1099        1119        1157        1159        1179        
1100        1120        1122        1160        1162        1180        
1101        1121        1123        1161        1163        1181        
1122        1102        1124        1162        1164        1182        
1123        1103        1125        1163        1165        1183        
1124        1104        1126        1164        1166        1184        
1125        1105        1127        1165        1167        1185        
1126        1106        1128        1166        1168        1186        
1127        1107        1129        1167        1169        1187        
1128        1108        1130        1168        1170        1188        
1129        1109        1131        1169        1171        1189        
1130        1110        1132        1170        1172        1190        
1131        1111        1133        1171        1173        1191        
1132        1112        1134        1172        1174        1192        
1133        1113        1135        1173        1175        1193        
1134        1114        1136        1174        1176        1194        
1135        1115        1137        1175        1177        1195        
1136        1116        1138        1176        1178        1196        
1137        1117        1139        1177        1179        1197        
1138        1118        1120        1178        1160        1198        
1139        1119        1121        1179        1161        1199        
1140        1120        1158        1180        1198        800         
1141        1121        1159        1181        1199        801         
1140        1122        1142        1180        1182        802         
1141        1123        1143        1181        1183        803         
1142        1124        1144        1182        1184        804         
1143        1125        1145        1183        1185        805         
1144        1126        1146        1184        1186        806         
1145        1127        1147        1185        1187        807         
1146        1128        1148        1186        1188        808         
1147        1129        1149        1187        1189        809         
1148        1130        1150        1188        1190        810         
1149        1131        1151        1189        1191        811         
1150        1132        1152        1190        1192        812         
1151        1133        1153        1191        1193        813         
1152        1134        1154        1192        1194        814         
1153        1135        1155        1193        1195        815         
1154        1136        1156        1194        1196        816         
1155        1137        1157        1195        1197        817         
1156        1138        1158        1196        1198        818         
1157        1139        1159        1197        1199        819         
820         800         802         1140        1160        1162        
821         801         803         1141        1161        1163        
822         802         804         1162        1142        1164        
823         803         805         1163        1143        1165        
824         804         806         1164        1144        1166        
825         805         807         1165        1145        1167        
826         806         808         1166        1146        1168        
827         807         809         1167        1147        1169        
828         808         810         1168        1148        1170        
829         809         811         1169        1149        1171        
830         810         812         1170        1150        1172        
831         811         813         1171        1151        1173        
832         812         814         1172        1152        1174        
833         813         815         1173        1153        1175        
834         814         816         1174        1154        1176        
835         815         817         1175        1155        1177        
836         816         818         1176        1156        1178        
837         817         819         1177        1157        1179        
838         818         800         1178        1158        1160        
839         819         801         1179        1159        1161        
