1           801         1201        1203        1205        
2           801         1202        1204        1206        
3           802         1203        1207        1209        
4           802         1204        1208        1210        
5           803         1211        1213        1215        
6           803         1212        1214        1216        
7           804         1213        1217        1219        
8           804         1214        1218        1220        
9           805         1221        1223        1225        
10          805         1222        1224        1226        
11          806         1223        1227        1229        
12          806         1224        1228        1230        
13          807         1231        1233        1235        
14          807         1232        1234        1236        
15          808         1233        1237        1239        
16          808         1234        1238        1240        
17          809         1241        1243        1245        
18          809         1242        1244        1246        
19          810         1243        1247        1249        
20          810         1244        1248        1250        
21          811         1251        1253        1255        
22          811         1252        1254        1256        
23          812         1253        1257        1259        
24          812         1254        1258        1260        
25          813         1261        1263        1265        
26          813         1262        1264        1266        
27          814         1263        1267        1269        
28          814         1264        1268        1270        
29          815         1271        1273        1275        
30          815         1272        1274        1276        
31          816         1273        1277        1279        
32          816         1274        1278        1280        
33          817         1281        1283        1285        
34          817         1282        1284        1286        
35          818         1283        1287        1289        
36          818         1284        1288        1290        
37          819         1291        1293        1295        
38          819         1292        1294        1296        
39          820         1293        1297        1299        
40          820         1294        1298        1300        
41          821         1201        1301        1303        
42          821         1202        1302        1304        
43          822         1209        1305        1307        
44          822         1210        1306        1308        
45          823         1211        1307        1309        
46          823         1212        1308        1310        
47          824         1219        1311        1313        
48          824         1220        1312        1314        
49          825         1221        1313        1315        
50          825         1222        1314        1316        
51          826         1229        1317        1319        
52          826         1230        1318        1320        
53          827         1231        1319        1321        
54          827         1232        1320        1322        
55          828         1239        1323        1325        
56          828         1240        1324        1326        
57          829         1241        1325        1327        
58          829         1242        1326        1328        
59          830         1249        1329        1331        
60          830         1250        1330        1332        
61          831         1251        1331        1333        
62          831         1252        1332        1334        
63          832         1259        1335        1337        
64          832         1260        1336        1338        
65          833         1261        1337        1339        
66          833         1262        1338        1340        
67          834         1269        1341        1343        
68          834         1270        1342        1344        
69          835         1271        1343        1345        
70          835         1272        1344        1346        
71          836         1279        1347        1349        
72          836         1280        1348        1350        
73          837         1281        1349        1351        
74          837         1282        1350        1352        
75          838         1289        1353        1355        
76          838         1290        1354        1356        
77          839         1291        1355        1357        
78          839         1292        1356        1358        
79          840         1299        1303        1359        
80          840         1300        1304        1360        
81          841         1301        1361        1363        
82          841         1302        1362        1364        
83          842         1305        1361        1365        
84          842         1306        1362        1366        
85          843         1309        1367        1369        
86          843         1310        1368        1370        
87          844         1311        1369        1371        
88          844         1312        1370        1372        
89          845         1315        1373        1375        
90          845         1316        1374        1376        
91          846         1317        1375        1377        
92          846         1318        1376        1378        
93          847         1321        1379        1381        
94          847         1322        1380        1382        
95          848         1323        1381        1383        
96          848         1324        1382        1384        
97          849         1327        1385        1387        
98          849         1328        1386        1388        
99          850         1329        1387        1389        
100         850         1330        1388        1390        
101         851         1333        1391        1393        
102         851         1334        1392        1394        
103         852         1335        1393        1395        
104         852         1336        1394        1396        
105         853         1339        1397        1399        
106         853         1340        1398        1400        
107         854         1341        1399        1401        
108         854         1342        1400        1402        
109         855         1345        1403        1405        
110         855         1346        1404        1406        
111         856         1347        1405        1407        
112         856         1348        1406        1408        
113         857         1351        1409        1411        
114         857         1352        1410        1412        
115         858         1353        1411        1413        
116         858         1354        1412        1414        
117         859         1357        1415        1417        
118         859         1358        1416        1418        
119         860         1359        1417        1419        
120         860         1360        1418        1420        
121         861         1363        1421        1423        
122         861         1364        1422        1424        
123         862         1365        1425        1427        
124         862         1366        1426        1428        
125         863         1367        1427        1429        
126         863         1368        1428        1430        
127         864         1371        1431        1433        
128         864         1372        1432        1434        
129         865         1373        1433        1435        
130         865         1374        1434        1436        
131         866         1377        1437        1439        
132         866         1378        1438        1440        
133         867         1379        1439        1441        
134         867         1380        1440        1442        
135         868         1383        1443        1445        
136         868         1384        1444        1446        
137         869         1385        1445        1447        
138         869         1386        1446        1448        
139         870         1389        1449        1451        
140         870         1390        1450        1452        
141         871         1391        1451        1453        
142         871         1392        1452        1454        
143         872         1395        1455        1457        
144         872         1396        1456        1458        
145         873         1397        1457        1459        
146         873         1398        1458        1460        
147         874         1401        1461        1463        
148         874         1402        1462        1464        
149         875         1403        1463        1465        
150         875         1404        1464        1466        
151         876         1407        1467        1469        
152         876         1408        1468        1470        
153         877         1409        1469        1471        
154         877         1410        1470        1472        
155         878         1413        1473        1475        
156         878         1414        1474        1476        
157         879         1415        1475        1477        
158         879         1416        1476        1478        
159         880         1419        1423        1479        
160         880         1420        1424        1480        
161         881         1421        1481        1483        
162         881         1422        1482        1484        
163         882         1425        1481        1485        
164         882         1426        1482        1486        
165         883         1429        1487        1489        
166         883         1430        1488        1490        
167         884         1431        1489        1491        
168         884         1432        1490        1492        
169         885         1435        1493        1495        
170         885         1436        1494        1496        
171         886         1437        1495        1497        
172         886         1438        1496        1498        
173         887         1441        1499        1501        
174         887         1442        1500        1502        
175         888         1443        1501        1503        
176         888         1444        1502        1504        
177         889         1447        1505        1507        
178         889         1448        1506        1508        
179         890         1449        1507        1509        
180         890         1450        1508        1510        
181         891         1453        1511        1513        
182         891         1454        1512        1514        
183         892         1455        1513        1515        
184         892         1456        1514        1516        
185         893         1459        1517        1519        
186         893         1460        1518        1520        
187         894         1461        1519        1521        
188         894         1462        1520        1522        
189         895         1465        1523        1525        
190         895         1466        1524        1526        
191         896         1467        1525        1527        
192         896         1468        1526        1528        
193         897         1471        1529        1531        
194         897         1472        1530        1532        
195         898         1473        1531        1533        
196         898         1474        1532        1534        
197         899         1477        1535        1537        
198         899         1478        1536        1538        
199         900         1479        1537        1539        
200         900         1480        1538        1540        
201         901         1483        1541        1543        
202         901         1484        1542        1544        
203         902         1485        1545        1547        
204         902         1486        1546        1548        
205         903         1487        1547        1549        
206         903         1488        1548        1550        
207         904         1491        1551        1553        
208         904         1492        1552        1554        
209         905         1493        1553        1555        
210         905         1494        1554        1556        
211         906         1497        1557        1559        
212         906         1498        1558        1560        
213         907         1499        1559        1561        
214         907         1500        1560        1562        
215         908         1503        1563        1565        
216         908         1504        1564        1566        
217         909         1505        1565        1567        
218         909         1506        1566        1568        
219         910         1509        1569        1571        
220         910         1510        1570        1572        
221         911         1511        1571        1573        
222         911         1512        1572        1574        
223         912         1515        1575        1577        
224         912         1516        1576        1578        
225         913         1517        1577        1579        
226         913         1518        1578        1580        
227         914         1521        1581        1583        
228         914         1522        1582        1584        
229         915         1523        1583        1585        
230         915         1524        1584        1586        
231         916         1527        1587        1589        
232         916         1528        1588        1590        
233         917         1529        1589        1591        
234         917         1530        1590        1592        
235         918         1533        1593        1595        
236         918         1534        1594        1596        
237         919         1535        1595        1597        
238         919         1536        1596        1598        
239         920         1539        1543        1599        
240         920         1540        1544        1600        
241         921         1541        1601        1603        
242         921         1542        1602        1604        
243         922         1545        1601        1605        
244         922         1546        1602        1606        
245         923         1549        1607        1609        
246         923         1550        1608        1610        
247         924         1551        1609        1611        
248         924         1552        1610        1612        
249         925         1555        1613        1615        
250         925         1556        1614        1616        
251         926         1557        1615        1617        
252         926         1558        1616        1618        
253         927         1561        1619        1621        
254         927         1562        1620        1622        
255         928         1563        1621        1623        
256         928         1564        1622        1624        
257         929         1567        1625        1627        
258         929         1568        1626        1628        
259         930         1569        1627        1629        
260         930         1570        1628        1630        
261         931         1573        1631        1633        
262         931         1574        1632        1634        
263         932         1575        1633        1635        
264         932         1576        1634        1636        
265         933         1579        1637        1639        
266         933         1580        1638        1640        
267         934         1581        1639        1641        
268         934         1582        1640        1642        
269         935         1585        1643        1645        
270         935         1586        1644        1646        
271         936         1587        1645        1647        
272         936         1588        1646        1648        
273         937         1591        1649        1651        
274         937         1592        1650        1652        
275         938         1593        1651        1653        
276         938         1594        1652        1654        
277         939         1597        1655        1657        
278         939         1598        1656        1658        
279         940         1599        1657        1659        
280         940         1600        1658        1660        
281         941         1603        1661        1663        
282         941         1604        1662        1664        
283         942         1605        1665        1667        
284         942         1606        1666        1668        
285         943         1607        1667        1669        
286         943         1608        1668        1670        
287         944         1611        1671        1673        
288         944         1612        1672        1674        
289         945         1613        1673        1675        
290         945         1614        1674        1676        
291         946         1617        1677        1679        
292         946         1618        1678        1680        
293         947         1619        1679        1681        
294         947         1620        1680        1682        
295         948         1623        1683        1685        
296         948         1624        1684        1686        
297         949         1625        1685        1687        
298         949         1626        1686        1688        
299         950         1629        1689        1691        
300         950         1630        1690        1692        
301         951         1631        1691        1693        
302         951         1632        1692        1694        
303         952         1635        1695        1697        
304         952         1636        1696        1698        
305         953         1637        1697        1699        
306         953         1638        1698        1700        
307         954         1641        1701        1703        
308         954         1642        1702        1704        
309         955         1643        1703        1705        
310         955         1644        1704        1706        
311         956         1647        1707        1709        
312         956         1648        1708        1710        
313         957         1649        1709        1711        
314         957         1650        1710        1712        
315         958         1653        1713        1715        
316         958         1654        1714        1716        
317         959         1655        1715        1717        
318         959         1656        1716        1718        
319         960         1659        1663        1719        
320         960         1660        1664        1720        
321         961         1661        1721        1723        
322         961         1662        1722        1724        
323         962         1665        1721        1725        
324         962         1666        1722        1726        
325         963         1669        1727        1729        
326         963         1670        1728        1730        
327         964         1671        1729        1731        
328         964         1672        1730        1732        
329         965         1675        1733        1735        
330         965         1676        1734        1736        
331         966         1677        1735        1737        
332         966         1678        1736        1738        
333         967         1681        1739        1741        
334         967         1682        1740        1742        
335         968         1683        1741        1743        
336         968         1684        1742        1744        
337         969         1687        1745        1747        
338         969         1688        1746        1748        
339         970         1689        1747        1749        
340         970         1690        1748        1750        
341         971         1693        1751        1753        
342         971         1694        1752        1754        
343         972         1695        1753        1755        
344         972         1696        1754        1756        
345         973         1699        1757        1759        
346         973         1700        1758        1760        
347         974         1701        1759        1761        
348         974         1702        1760        1762        
349         975         1705        1763        1765        
350         975         1706        1764        1766        
351         976         1707        1765        1767        
352         976         1708        1766        1768        
353         977         1711        1769        1771        
354         977         1712        1770        1772        
355         978         1713        1771        1773        
356         978         1714        1772        1774        
357         979         1717        1775        1777        
358         979         1718        1776        1778        
359         980         1719        1777        1779        
360         980         1720        1778        1780        
361         981         1723        1781        1783        
362         981         1724        1782        1784        
363         982         1725        1785        1787        
364         982         1726        1786        1788        
365         983         1727        1787        1789        
366         983         1728        1788        1790        
367         984         1731        1791        1793        
368         984         1732        1792        1794        
369         985         1733        1793        1795        
370         985         1734        1794        1796        
371         986         1737        1797        1799        
372         986         1738        1798        1800        
373         987         1739        1799        1801        
374         987         1740        1800        1802        
375         988         1743        1803        1805        
376         988         1744        1804        1806        
377         989         1745        1805        1807        
378         989         1746        1806        1808        
379         990         1749        1809        1811        
380         990         1750        1810        1812        
381         991         1751        1811        1813        
382         991         1752        1812        1814        
383         992         1755        1815        1817        
384         992         1756        1816        1818        
385         993         1757        1817        1819        
386         993         1758        1818        1820        
387         994         1761        1821        1823        
388         994         1762        1822        1824        
389         995         1763        1823        1825        
390         995         1764        1824        1826        
391         996         1767        1827        1829        
392         996         1768        1828        1830        
393         997         1769        1829        1831        
394         997         1770        1830        1832        
395         998         1773        1833        1835        
396         998         1774        1834        1836        
397         999         1775        1835        1837        
398         999         1776        1836        1838        
399         1000        1779        1783        1839        
400         1000        1780        1784        1840        
401         1001        1781        1841        1843        
402         1001        1782        1842        1844        
403         1002        1785        1841        1845        
404         1002        1786        1842        1846        
405         1003        1789        1847        1849        
406         1003        1790        1848        1850        
407         1004        1791        1849        1851        
408         1004        1792        1850        1852        
409         1005        1795        1853        1855        
410         1005        1796        1854        1856        
411         1006        1797        1855        1857        
412         1006        1798        1856        1858        
413         1007        1801        1859        1861        
414         1007        1802        1860        1862        
415         1008        1803        1861        1863        
416         1008        1804        1862        1864        
417         1009        1807        1865        1867        
418         1009        1808        1866        1868        
419         1010        1809        1867        1869        
420         1010        1810        1868        1870        
421         1011        1813        1871        1873        
422         1011        1814        1872        1874        
423         1012        1815        1873        1875        
424         1012        1816        1874        1876        
425         1013        1819        1877        1879        
426         1013        1820        1878        1880        
427         1014        1821        1879        1881        
428         1014        1822        1880        1882        
429         1015        1825        1883        1885        
430         1015        1826        1884        1886        
431         1016        1827        1885        1887        
432         1016        1828        1886        1888        
433         1017        1831        1889        1891        
434         1017        1832        1890        1892        
435         1018        1833        1891        1893        
436         1018        1834        1892        1894        
437         1019        1837        1895        1897        
438         1019        1838        1896        1898        
439         1020        1839        1897        1899        
440         1020        1840        1898        1900        
441         1021        1843        1901        1903        
442         1021        1844        1902        1904        
443         1022        1845        1905        1907        
444         1022        1846        1906        1908        
445         1023        1847        1907        1909        
446         1023        1848        1908        1910        
447         1024        1851        1911        1913        
448         1024        1852        1912        1914        
449         1025        1853        1913        1915        
450         1025        1854        1914        1916        
451         1026        1857        1917        1919        
452         1026        1858        1918        1920        
453         1027        1859        1919        1921        
454         1027        1860        1920        1922        
455         1028        1863        1923        1925        
456         1028        1864        1924        1926        
457         1029        1865        1925        1927        
458         1029        1866        1926        1928        
459         1030        1869        1929        1931        
460         1030        1870        1930        1932        
461         1031        1871        1931        1933        
462         1031        1872        1932        1934        
463         1032        1875        1935        1937        
464         1032        1876        1936        1938        
465         1033        1877        1937        1939        
466         1033        1878        1938        1940        
467         1034        1881        1941        1943        
468         1034        1882        1942        1944        
469         1035        1883        1943        1945        
470         1035        1884        1944        1946        
471         1036        1887        1947        1949        
472         1036        1888        1948        1950        
473         1037        1889        1949        1951        
474         1037        1890        1950        1952        
475         1038        1893        1953        1955        
476         1038        1894        1954        1956        
477         1039        1895        1955        1957        
478         1039        1896        1956        1958        
479         1040        1899        1903        1959        
480         1040        1900        1904        1960        
481         1041        1901        1961        1963        
482         1041        1902        1962        1964        
483         1042        1905        1961        1965        
484         1042        1906        1962        1966        
485         1043        1909        1967        1969        
486         1043        1910        1968        1970        
487         1044        1911        1969        1971        
488         1044        1912        1970        1972        
489         1045        1915        1973        1975        
490         1045        1916        1974        1976        
491         1046        1917        1975        1977        
492         1046        1918        1976        1978        
493         1047        1921        1979        1981        
494         1047        1922        1980        1982        
495         1048        1923        1981        1983        
496         1048        1924        1982        1984        
497         1049        1927        1985        1987        
498         1049        1928        1986        1988        
499         1050        1929        1987        1989        
500         1050        1930        1988        1990        
501         1051        1933        1991        1993        
502         1051        1934        1992        1994        
503         1052        1935        1993        1995        
504         1052        1936        1994        1996        
505         1053        1939        1997        1999        
506         1053        1940        1998        2000        
507         1054        1941        1999        2001        
508         1054        1942        2000        2002        
509         1055        1945        2003        2005        
510         1055        1946        2004        2006        
511         1056        1947        2005        2007        
512         1056        1948        2006        2008        
513         1057        1951        2009        2011        
514         1057        1952        2010        2012        
515         1058        1953        2011        2013        
516         1058        1954        2012        2014        
517         1059        1957        2015        2017        
518         1059        1958        2016        2018        
519         1060        1959        2017        2019        
520         1060        1960        2018        2020        
521         1061        1963        2021        2023        
522         1061        1964        2022        2024        
523         1062        1965        2025        2027        
524         1062        1966        2026        2028        
525         1063        1967        2027        2029        
526         1063        1968        2028        2030        
527         1064        1971        2031        2033        
528         1064        1972        2032        2034        
529         1065        1973        2033        2035        
530         1065        1974        2034        2036        
531         1066        1977        2037        2039        
532         1066        1978        2038        2040        
533         1067        1979        2039        2041        
534         1067        1980        2040        2042        
535         1068        1983        2043        2045        
536         1068        1984        2044        2046        
537         1069        1985        2045        2047        
538         1069        1986        2046        2048        
539         1070        1989        2049        2051        
540         1070        1990        2050        2052        
541         1071        1991        2051        2053        
542         1071        1992        2052        2054        
543         1072        1995        2055        2057        
544         1072        1996        2056        2058        
545         1073        1997        2057        2059        
546         1073        1998        2058        2060        
547         1074        2001        2061        2063        
548         1074        2002        2062        2064        
549         1075        2003        2063        2065        
550         1075        2004        2064        2066        
551         1076        2007        2067        2069        
552         1076        2008        2068        2070        
553         1077        2009        2069        2071        
554         1077        2010        2070        2072        
555         1078        2013        2073        2075        
556         1078        2014        2074        2076        
557         1079        2015        2075        2077        
558         1079        2016        2076        2078        
559         1080        2019        2023        2079        
560         1080        2020        2024        2080        
561         1081        2021        2081        2083        
562         1081        2022        2082        2084        
563         1082        2025        2081        2085        
564         1082        2026        2082        2086        
565         1083        2029        2087        2089        
566         1083        2030        2088        2090        
567         1084        2031        2089        2091        
568         1084        2032        2090        2092        
569         1085        2035        2093        2095        
570         1085        2036        2094        2096        
571         1086        2037        2095        2097        
572         1086        2038        2096        2098        
573         1087        2041        2099        2101        
574         1087        2042        2100        2102        
575         1088        2043        2101        2103        
576         1088        2044        2102        2104        
577         1089        2047        2105        2107        
578         1089        2048        2106        2108        
579         1090        2049        2107        2109        
580         1090        2050        2108        2110        
581         1091        2053        2111        2113        
582         1091        2054        2112        2114        
583         1092        2055        2113        2115        
584         1092        2056        2114        2116        
585         1093        2059        2117        2119        
586         1093        2060        2118        2120        
587         1094        2061        2119        2121        
588         1094        2062        2120        2122        
589         1095        2065        2123        2125        
590         1095        2066        2124        2126        
591         1096        2067        2125        2127        
592         1096        2068        2126        2128        
593         1097        2071        2129        2131        
594         1097        2072        2130        2132        
595         1098        2073        2131        2133        
596         1098        2074        2132        2134        
597         1099        2077        2135        2137        
598         1099        2078        2136        2138        
599         1100        2079        2137        2139        
600         1100        2080        2138        2140        
601         1101        2083        2141        2143        
602         1101        2084        2142        2144        
603         1102        2085        2145        2147        
604         1102        2086        2146        2148        
605         1103        2087        2147        2149        
606         1103        2088        2148        2150        
607         1104        2091        2151        2153        
608         1104        2092        2152        2154        
609         1105        2093        2153        2155        
610         1105        2094        2154        2156        
611         1106        2097        2157        2159        
612         1106        2098        2158        2160        
613         1107        2099        2159        2161        
614         1107        2100        2160        2162        
615         1108        2103        2163        2165        
616         1108        2104        2164        2166        
617         1109        2105        2165        2167        
618         1109        2106        2166        2168        
619         1110        2109        2169        2171        
620         1110        2110        2170        2172        
621         1111        2111        2171        2173        
622         1111        2112        2172        2174        
623         1112        2115        2175        2177        
624         1112        2116        2176        2178        
625         1113        2117        2177        2179        
626         1113        2118        2178        2180        
627         1114        2121        2181        2183        
628         1114        2122        2182        2184        
629         1115        2123        2183        2185        
630         1115        2124        2184        2186        
631         1116        2127        2187        2189        
632         1116        2128        2188        2190        
633         1117        2129        2189        2191        
634         1117        2130        2190        2192        
635         1118        2133        2193        2195        
636         1118        2134        2194        2196        
637         1119        2135        2195        2197        
638         1119        2136        2196        2198        
639         1120        2139        2143        2199        
640         1120        2140        2144        2200        
641         1121        2141        2201        2203        
642         1121        2142        2202        2204        
643         1122        2145        2201        2205        
644         1122        2146        2202        2206        
645         1123        2149        2207        2209        
646         1123        2150        2208        2210        
647         1124        2151        2209        2211        
648         1124        2152        2210        2212        
649         1125        2155        2213        2215        
650         1125        2156        2214        2216        
651         1126        2157        2215        2217        
652         1126        2158        2216        2218        
653         1127        2161        2219        2221        
654         1127        2162        2220        2222        
655         1128        2163        2221        2223        
656         1128        2164        2222        2224        
657         1129        2167        2225        2227        
658         1129        2168        2226        2228        
659         1130        2169        2227        2229        
660         1130        2170        2228        2230        
661         1131        2173        2231        2233        
662         1131        2174        2232        2234        
663         1132        2175        2233        2235        
664         1132        2176        2234        2236        
665         1133        2179        2237        2239        
666         1133        2180        2238        2240        
667         1134        2181        2239        2241        
668         1134        2182        2240        2242        
669         1135        2185        2243        2245        
670         1135        2186        2244        2246        
671         1136        2187        2245        2247        
672         1136        2188        2246        2248        
673         1137        2191        2249        2251        
674         1137        2192        2250        2252        
675         1138        2193        2251        2253        
676         1138        2194        2252        2254        
677         1139        2197        2255        2257        
678         1139        2198        2256        2258        
679         1140        2199        2257        2259        
680         1140        2200        2258        2260        
681         1141        2203        2261        2263        
682         1141        2204        2262        2264        
683         1142        2205        2265        2267        
684         1142        2206        2266        2268        
685         1143        2207        2267        2269        
686         1143        2208        2268        2270        
687         1144        2211        2271        2273        
688         1144        2212        2272        2274        
689         1145        2213        2273        2275        
690         1145        2214        2274        2276        
691         1146        2217        2277        2279        
692         1146        2218        2278        2280        
693         1147        2219        2279        2281        
694         1147        2220        2280        2282        
695         1148        2223        2283        2285        
696         1148        2224        2284        2286        
697         1149        2225        2285        2287        
698         1149        2226        2286        2288        
699         1150        2229        2289        2291        
700         1150        2230        2290        2292        
701         1151        2231        2291        2293        
702         1151        2232        2292        2294        
703         1152        2235        2295        2297        
704         1152        2236        2296        2298        
705         1153        2237        2297        2299        
706         1153        2238        2298        2300        
707         1154        2241        2301        2303        
708         1154        2242        2302        2304        
709         1155        2243        2303        2305        
710         1155        2244        2304        2306        
711         1156        2247        2307        2309        
712         1156        2248        2308        2310        
713         1157        2249        2309        2311        
714         1157        2250        2310        2312        
715         1158        2253        2313        2315        
716         1158        2254        2314        2316        
717         1159        2255        2315        2317        
718         1159        2256        2316        2318        
719         1160        2259        2263        2319        
720         1160        2260        2264        2320        
721         1161        2261        2321        2323        
722         1161        2262        2322        2324        
723         1162        2265        2321        2325        
724         1162        2266        2322        2326        
725         1163        2269        2327        2329        
726         1163        2270        2328        2330        
727         1164        2271        2329        2331        
728         1164        2272        2330        2332        
729         1165        2275        2333        2335        
730         1165        2276        2334        2336        
731         1166        2277        2335        2337        
732         1166        2278        2336        2338        
733         1167        2281        2339        2341        
734         1167        2282        2340        2342        
735         1168        2283        2341        2343        
736         1168        2284        2342        2344        
737         1169        2287        2345        2347        
738         1169        2288        2346        2348        
739         1170        2289        2347        2349        
740         1170        2290        2348        2350        
741         1171        2293        2351        2353        
742         1171        2294        2352        2354        
743         1172        2295        2353        2355        
744         1172        2296        2354        2356        
745         1173        2299        2357        2359        
746         1173        2300        2358        2360        
747         1174        2301        2359        2361        
748         1174        2302        2360        2362        
749         1175        2305        2363        2365        
750         1175        2306        2364        2366        
751         1176        2307        2365        2367        
752         1176        2308        2366        2368        
753         1177        2311        2369        2371        
754         1177        2312        2370        2372        
755         1178        2313        2371        2373        
756         1178        2314        2372        2374        
757         1179        2317        2375        2377        
758         1179        2318        2376        2378        
759         1180        2319        2377        2379        
760         1180        2320        2378        2380        
761         1181        1205        2323        2381        
762         1181        1206        2324        2382        
763         1182        1207        2325        2383        
764         1182        1208        2326        2384        
765         1183        1215        2327        2383        
766         1183        1216        2328        2384        
767         1184        1217        2331        2385        
768         1184        1218        2332        2386        
769         1185        1225        2333        2385        
770         1185        1226        2334        2386        
771         1186        1227        2337        2387        
772         1186        1228        2338        2388        
773         1187        1235        2339        2387        
774         1187        1236        2340        2388        
775         1188        1237        2343        2389        
776         1188        1238        2344        2390        
777         1189        1245        2345        2389        
778         1189        1246        2346        2390        
779         1190        1247        2349        2391        
780         1190        1248        2350        2392        
781         1191        1255        2351        2391        
782         1191        1256        2352        2392        
783         1192        1257        2355        2393        
784         1192        1258        2356        2394        
785         1193        1265        2357        2393        
786         1193        1266        2358        2394        
787         1194        1267        2361        2395        
788         1194        1268        2362        2396        
789         1195        1275        2363        2395        
790         1195        1276        2364        2396        
791         1196        1277        2367        2397        
792         1196        1278        2368        2398        
793         1197        1285        2369        2397        
794         1197        1286        2370        2398        
795         1198        1287        2373        2399        
796         1198        1288        2374        2400        
797         1199        1295        2375        2399        
798         1199        1296        2376        2400        
799         1200        1297        2379        2381        
800         1200        1298        2380        2382        
