0    0    
0    15    
1    0    
1    16    
2    0    
2    1    
3    1    
3    2    
4    1    
4    241    
5    2    
5    242    
6    2    
6    3    
7    3    
7    243    
8    3    
8    4    
9    4    
9    20    
10    4    
10    244    
11    5    
11    6    
12    5    
12    21    
13    5    
13    245    
14    6    
14    22    
15    6    
15    7    
16    7    
16    8    
17    7    
17    23    
18    8    
18    24    
19    8    
19    9    
20    9    
20    25    
21    9    
21    249    
22    10    
22    11    
23    10    
23    26    
24    10    
24    250    
25    11    
25    27    
26    11    
26    251    
27    12    
27    28    
28    12    
28    252    
29    12    
29    13    
30    13    
30    14    
31    13    
31    29    
32    14    
32    15    
33    14    
33    30    
34    15    
34    31    
35    16    
35    31    
36    16    
36    17    
37    17    
37    18    
38    17    
38    33    
39    18    
39    19    
40    18    
40    34    
41    19    
41    35    
42    19    
42    20    
43    20    
43    36    
44    21    
44    22    
45    21    
45    37    
46    22    
46    23    
47    23    
47    24    
48    24    
48    25    
49    25    
49    26    
50    26    
50    27    
51    27    
51    43    
52    28    
52    44    
53    28    
53    29    
54    29    
54    30    
55    30    
55    46    
56    31    
56    47    
57    32    
57    47    
58    32    
58    33    
59    32    
59    48    
60    33    
60    49    
61    34    
61    50    
62    34    
62    35    
63    35    
63    36    
64    36    
64    52    
65    37    
65    38    
66    37    
66    53    
67    38    
67    39    
68    38    
68    54    
69    39    
69    55    
70    39    
70    40    
71    40    
71    41    
72    40    
72    56    
73    41    
73    42    
74    41    
74    57    
75    42    
75    43    
76    42    
76    58    
77    43    
77    44    
78    44    
78    45    
79    45    
79    61    
80    45    
80    46    
81    46    
81    62    
82    47    
82    63    
83    48    
83    49    
84    48    
84    64    
85    49    
85    50    
86    50    
86    51    
87    51    
87    67    
88    51    
88    52    
89    52    
89    53    
90    53    
90    54    
91    54    
91    55    
92    55    
92    56    
93    56    
93    57    
94    57    
94    73    
95    58    
95    74    
96    58    
96    59    
97    59    
97    75    
98    59    
98    60    
99    60    
99    61    
100    60    
100    76    
101    61    
101    62    
102    62    
102    63    
103    63    
103    79    
104    64    
104    65    
105    64    
105    80    
106    65    
106    66    
107    65    
107    81    
108    66    
108    67    
109    66    
109    82    
110    67    
110    68    
111    68    
111    69    
112    68    
112    84    
113    69    
113    85    
114    69    
114    70    
115    70    
115    71    
116    70    
116    86    
117    71    
117    87    
118    71    
118    72    
119    72    
119    88    
120    72    
120    73    
121    73    
121    89    
122    74    
122    75    
123    74    
123    90    
124    75    
124    76    
125    76    
125    77    
126    77    
126    78    
127    77    
127    93    
128    78    
128    79    
129    78    
129    94    
130    79    
130    95    
131    80    
131    81    
132    80    
132    96    
133    81    
133    82    
134    82    
134    83    
135    83    
135    99    
136    83    
136    84    
137    84    
137    100    
138    85    
138    101    
139    85    
139    86    
140    86    
140    102    
141    87    
141    88    
142    87    
142    103    
143    88    
143    89    
144    89    
144    105    
145    90    
145    106    
146    90    
146    91    
147    91    
147    92    
148    91    
148    107    
149    92    
149    108    
150    92    
150    93    
151    93    
151    94    
152    94    
152    95    
153    95    
153    111    
154    96    
154    97    
155    96    
155    112    
156    97    
156    113    
157    97    
157    98    
158    98    
158    114    
159    98    
159    99    
160    99    
160    100    
161    100    
161    116    
162    101    
162    117    
163    101    
163    102    
164    102    
164    103    
165    103    
165    104    
166    104    
166    120    
167    104    
167    105    
168    105    
168    106    
169    106    
169    107    
170    107    
170    108    
171    108    
171    109    
172    109    
172    110    
173    109    
173    125    
174    110    
174    126    
175    110    
175    111    
176    111    
176    127    
177    112    
177    113    
178    112    
178    128    
179    113    
179    129    
180    114    
180    115    
181    114    
181    130    
182    115    
182    131    
183    115    
183    116    
184    116    
184    132    
185    117    
185    118    
186    117    
186    133    
187    118    
187    134    
188    118    
188    119    
189    119    
189    120    
190    119    
190    135    
191    120    
191    121    
192    121    
192    122    
193    121    
193    137    
194    122    
194    123    
195    122    
195    138    
196    123    
196    124    
197    123    
197    139    
198    124    
198    125    
199    124    
199    140    
200    125    
200    141    
201    126    
201    127    
202    126    
202    142    
203    127    
203    143    
204    128    
204    143    
205    128    
205    129    
206    129    
206    145    
207    130    
207    146    
208    130    
208    131    
209    131    
209    132    
210    132    
210    148    
211    133    
211    149    
212    133    
212    134    
213    134    
213    150    
214    135    
214    136    
215    135    
215    151    
216    136    
216    137    
217    136    
217    152    
218    137    
218    153    
219    138    
219    154    
220    138    
220    139    
221    139    
221    140    
222    140    
222    141    
223    141    
223    142    
224    142    
224    143    
225    144    
225    160    
226    144    
226    159    
227    144    
227    145    
228    145    
228    161    
229    146    
229    147    
230    146    
230    162    
231    147    
231    163    
232    147    
232    148    
233    148    
233    149    
234    149    
234    165    
235    150    
235    166    
236    150    
236    151    
237    151    
237    167    
238    152    
238    153    
239    152    
239    168    
240    153    
240    154    
241    154    
241    155    
242    155    
242    156    
243    155    
243    171    
244    156    
244    157    
245    156    
245    172    
246    157    
246    173    
247    157    
247    158    
248    158    
248    174    
249    158    
249    159    
250    159    
250    175    
251    160    
251    176    
252    160    
252    175    
253    161    
253    162    
254    161    
254    177    
255    162    
255    178    
256    163    
256    179    
257    163    
257    164    
258    164    
258    180    
259    164    
259    165    
260    165    
260    181    
261    166    
261    182    
262    166    
262    167    
263    167    
263    168    
264    168    
264    169    
265    169    
265    170    
266    169    
266    185    
267    170    
267    171    
268    170    
268    186    
269    171    
269    172    
270    172    
270    188    
271    173    
271    174    
272    173    
272    189    
273    174    
273    190    
274    175    
274    191    
275    176    
275    191    
276    176    
276    177    
277    177    
277    193    
278    178    
278    194    
279    178    
279    179    
280    179    
280    180    
281    180    
281    181    
282    181    
282    197    
283    182    
283    183    
284    182    
284    198    
285    183    
285    199    
286    183    
286    184    
287    184    
287    185    
288    184    
288    200    
289    185    
289    201    
290    186    
290    187    
291    186    
291    202    
292    187    
292    203    
293    187    
293    188    
294    188    
294    204    
295    189    
295    205    
296    189    
296    190    
297    190    
297    191    
298    192    
298    207    
299    192    
299    208    
300    192    
300    193    
301    193    
301    194    
302    194    
302    195    
303    195    
303    211    
304    195    
304    196    
305    196    
305    212    
306    196    
306    197    
307    197    
307    198    
308    198    
308    214    
309    199    
309    200    
310    199    
310    215    
311    200    
311    216    
312    201    
312    217    
313    201    
313    202    
314    202    
314    218    
315    203    
315    204    
316    203    
316    219    
317    204    
317    220    
318    205    
318    206    
319    205    
319    221    
320    206    
320    222    
321    206    
321    207    
322    207    
322    223    
323    208    
323    209    
324    208    
324    224    
325    209    
325    210    
326    209    
326    225    
327    210    
327    226    
328    210    
328    211    
329    211    
329    227    
330    212    
330    228    
331    212    
331    213    
332    213    
332    229    
333    213    
333    214    
334    214    
334    215    
335    215    
335    216    
336    216    
336    217    
337    217    
337    218    
338    218    
338    219    
339    219    
339    235    
340    220    
340    221    
341    220    
341    236    
342    221    
342    237    
343    222    
343    223    
344    222    
344    238    
345    223    
345    239    
346    224    
346    225    
347    224    
347    240    
348    225    
348    226    
349    226    
349    242    
350    227    
350    228    
351    227    
351    243    
352    228    
352    244    
353    229    
353    245    
354    229    
354    230    
355    230    
355    231    
356    230    
356    246    
357    231    
357    247    
358    231    
358    232    
359    232    
359    248    
360    232    
360    233    
361    233    
361    249    
362    233    
362    234    
363    234    
363    250    
364    234    
364    235    
365    235    
365    236    
366    236    
366    237    
367    237    
367    253    
368    238    
368    239    
369    238    
369    254    
370    239    
370    255    
371    240    
371    255    
372    240    
372    241    
373    241    
373    242    
374    243    
374    244    
375    245    
375    246    
376    246    
376    247    
377    247    
377    248    
378    248    
378    249    
379    250    
379    251    
380    251    
380    252    
381    252    
381    253    
382    253    
382    254    
383    254    
383    255    
