1600
1560                1                   40                  
41                  0                   1561                
1562                3                   42                  
43                  2                   1563                
1564                5                   44                  
45                  4                   1565                
1566                7                   46                  
47                  6                   1567                
1568                9                   48                  
49                  8                   1569                
1570                11                  50                  
51                  10                  1571                
1572                13                  52                  
53                  12                  1573                
1574                15                  54                  
55                  14                  1575                
1576                17                  56                  
57                  16                  1577                
1578                19                  58                  
59                  18                  1579                
1580                21                  60                  
61                  20                  1581                
1582                23                  62                  
63                  22                  1583                
1584                25                  64                  
65                  24                  1585                
1586                27                  66                  
67                  26                  1587                
1588                29                  68                  
69                  28                  1589                
1590                31                  70                  
71                  30                  1591                
1592                33                  72                  
73                  32                  1593                
1594                35                  74                  
75                  34                  1595                
1596                37                  76                  
77                  36                  1597                
1598                39                  78                  
79                  38                  1599                
0                   79                  80                  
1                   42                  81                  
82                  41                  2                   
3                   44                  83                  
84                  43                  4                   
5                   46                  85                  
86                  45                  6                   
7                   48                  87                  
88                  47                  8                   
9                   50                  89                  
90                  49                  10                  
11                  52                  91                  
92                  51                  12                  
13                  54                  93                  
94                  53                  14                  
15                  56                  95                  
96                  55                  16                  
17                  58                  97                  
98                  57                  18                  
19                  60                  99                  
100                 59                  20                  
21                  62                  101                 
102                 61                  22                  
23                  64                  103                 
104                 63                  24                  
25                  66                  105                 
106                 65                  26                  
27                  68                  107                 
108                 67                  28                  
29                  70                  109                 
110                 69                  30                  
31                  72                  111                 
112                 71                  32                  
33                  74                  113                 
114                 73                  34                  
35                  76                  115                 
116                 75                  36                  
37                  78                  117                 
118                 77                  38                  
39                  40                  119                 
120                 81                  40                  
121                 80                  41                  
42                  83                  122                 
123                 82                  43                  
44                  85                  124                 
125                 84                  45                  
46                  87                  126                 
127                 86                  47                  
48                  89                  128                 
129                 88                  49                  
50                  91                  130                 
131                 90                  51                  
52                  93                  132                 
133                 92                  53                  
54                  95                  134                 
135                 94                  55                  
56                  97                  136                 
137                 96                  57                  
58                  99                  138                 
139                 98                  59                  
60                  101                 140                 
141                 100                 61                  
62                  103                 142                 
143                 102                 63                  
64                  105                 144                 
145                 104                 65                  
66                  107                 146                 
147                 106                 67                  
68                  109                 148                 
149                 108                 69                  
70                  111                 150                 
151                 110                 71                  
72                  113                 152                 
153                 112                 73                  
74                  115                 154                 
155                 114                 75                  
76                  117                 156                 
157                 116                 77                  
78                  119                 158                 
159                 118                 79                  
80                  159                 160                 
81                  122                 161                 
162                 121                 82                  
83                  124                 163                 
164                 123                 84                  
85                  126                 165                 
166                 125                 86                  
87                  128                 167                 
168                 127                 88                  
89                  130                 169                 
170                 129                 90                  
91                  132                 171                 
172                 131                 92                  
93                  134                 173                 
174                 133                 94                  
95                  136                 175                 
176                 135                 96                  
97                  138                 177                 
178                 137                 98                  
99                  140                 179                 
180                 139                 100                 
101                 142                 181                 
182                 141                 102                 
103                 144                 183                 
184                 143                 104                 
105                 146                 185                 
186                 145                 106                 
107                 148                 187                 
188                 147                 108                 
109                 150                 189                 
190                 149                 110                 
111                 152                 191                 
192                 151                 112                 
113                 154                 193                 
194                 153                 114                 
115                 156                 195                 
196                 155                 116                 
117                 158                 197                 
198                 157                 118                 
119                 120                 199                 
200                 161                 120                 
201                 160                 121                 
122                 163                 202                 
203                 162                 123                 
124                 165                 204                 
205                 164                 125                 
126                 167                 206                 
207                 166                 127                 
128                 169                 208                 
209                 168                 129                 
130                 171                 210                 
211                 170                 131                 
132                 173                 212                 
213                 172                 133                 
134                 175                 214                 
215                 174                 135                 
136                 177                 216                 
217                 176                 137                 
138                 179                 218                 
219                 178                 139                 
140                 181                 220                 
221                 180                 141                 
142                 183                 222                 
223                 182                 143                 
144                 185                 224                 
225                 184                 145                 
146                 187                 226                 
227                 186                 147                 
148                 189                 228                 
229                 188                 149                 
150                 191                 230                 
231                 190                 151                 
152                 193                 232                 
233                 192                 153                 
154                 195                 234                 
235                 194                 155                 
156                 197                 236                 
237                 196                 157                 
158                 199                 238                 
239                 198                 159                 
160                 239                 240                 
161                 202                 241                 
242                 201                 162                 
163                 204                 243                 
244                 203                 164                 
165                 206                 245                 
246                 205                 166                 
167                 208                 247                 
248                 207                 168                 
169                 210                 249                 
250                 209                 170                 
171                 212                 251                 
252                 211                 172                 
173                 214                 253                 
254                 213                 174                 
175                 216                 255                 
256                 215                 176                 
177                 218                 257                 
258                 217                 178                 
179                 220                 259                 
260                 219                 180                 
181                 222                 261                 
262                 221                 182                 
183                 224                 263                 
264                 223                 184                 
185                 226                 265                 
266                 225                 186                 
187                 228                 267                 
268                 227                 188                 
189                 230                 269                 
270                 229                 190                 
191                 232                 271                 
272                 231                 192                 
193                 234                 273                 
274                 233                 194                 
195                 236                 275                 
276                 235                 196                 
197                 238                 277                 
278                 237                 198                 
199                 200                 279                 
280                 241                 200                 
281                 240                 201                 
202                 243                 282                 
283                 242                 203                 
204                 245                 284                 
285                 244                 205                 
206                 247                 286                 
287                 246                 207                 
208                 249                 288                 
289                 248                 209                 
210                 251                 290                 
291                 250                 211                 
212                 253                 292                 
293                 252                 213                 
214                 255                 294                 
295                 254                 215                 
216                 257                 296                 
297                 256                 217                 
218                 259                 298                 
299                 258                 219                 
220                 261                 300                 
301                 260                 221                 
222                 263                 302                 
303                 262                 223                 
224                 265                 304                 
305                 264                 225                 
226                 267                 306                 
307                 266                 227                 
228                 269                 308                 
309                 268                 229                 
230                 271                 310                 
311                 270                 231                 
232                 273                 312                 
313                 272                 233                 
234                 275                 314                 
315                 274                 235                 
236                 277                 316                 
317                 276                 237                 
238                 279                 318                 
319                 278                 239                 
240                 319                 320                 
241                 282                 321                 
322                 281                 242                 
243                 284                 323                 
324                 283                 244                 
245                 286                 325                 
326                 285                 246                 
247                 288                 327                 
328                 287                 248                 
249                 290                 329                 
330                 289                 250                 
251                 292                 331                 
332                 291                 252                 
253                 294                 333                 
334                 293                 254                 
255                 296                 335                 
336                 295                 256                 
257                 298                 337                 
338                 297                 258                 
259                 300                 339                 
340                 299                 260                 
261                 302                 341                 
342                 301                 262                 
263                 304                 343                 
344                 303                 264                 
265                 306                 345                 
346                 305                 266                 
267                 308                 347                 
348                 307                 268                 
269                 310                 349                 
350                 309                 270                 
271                 312                 351                 
352                 311                 272                 
273                 314                 353                 
354                 313                 274                 
275                 316                 355                 
356                 315                 276                 
277                 318                 357                 
358                 317                 278                 
279                 280                 359                 
360                 321                 280                 
361                 320                 281                 
282                 323                 362                 
363                 322                 283                 
284                 325                 364                 
365                 324                 285                 
286                 327                 366                 
367                 326                 287                 
288                 329                 368                 
369                 328                 289                 
290                 331                 370                 
371                 330                 291                 
292                 333                 372                 
373                 332                 293                 
294                 335                 374                 
375                 334                 295                 
296                 337                 376                 
377                 336                 297                 
298                 339                 378                 
379                 338                 299                 
300                 341                 380                 
381                 340                 301                 
302                 343                 382                 
383                 342                 303                 
304                 345                 384                 
385                 344                 305                 
306                 347                 386                 
387                 346                 307                 
308                 349                 388                 
389                 348                 309                 
310                 351                 390                 
391                 350                 311                 
312                 353                 392                 
393                 352                 313                 
314                 355                 394                 
395                 354                 315                 
316                 357                 396                 
397                 356                 317                 
318                 359                 398                 
399                 358                 319                 
320                 399                 400                 
321                 362                 401                 
402                 361                 322                 
323                 364                 403                 
404                 363                 324                 
325                 366                 405                 
406                 365                 326                 
327                 368                 407                 
408                 367                 328                 
329                 370                 409                 
410                 369                 330                 
331                 372                 411                 
412                 371                 332                 
333                 374                 413                 
414                 373                 334                 
335                 376                 415                 
416                 375                 336                 
337                 378                 417                 
418                 377                 338                 
339                 380                 419                 
420                 379                 340                 
341                 382                 421                 
422                 381                 342                 
343                 384                 423                 
424                 383                 344                 
345                 386                 425                 
426                 385                 346                 
347                 388                 427                 
428                 387                 348                 
349                 390                 429                 
430                 389                 350                 
351                 392                 431                 
432                 391                 352                 
353                 394                 433                 
434                 393                 354                 
355                 396                 435                 
436                 395                 356                 
357                 398                 437                 
438                 397                 358                 
359                 360                 439                 
440                 401                 360                 
441                 400                 361                 
362                 403                 442                 
443                 402                 363                 
364                 405                 444                 
445                 404                 365                 
366                 407                 446                 
447                 406                 367                 
368                 409                 448                 
449                 408                 369                 
370                 411                 450                 
451                 410                 371                 
372                 413                 452                 
453                 412                 373                 
374                 415                 454                 
455                 414                 375                 
376                 417                 456                 
457                 416                 377                 
378                 419                 458                 
459                 418                 379                 
380                 421                 460                 
461                 420                 381                 
382                 423                 462                 
463                 422                 383                 
384                 425                 464                 
465                 424                 385                 
386                 427                 466                 
467                 426                 387                 
388                 429                 468                 
469                 428                 389                 
390                 431                 470                 
471                 430                 391                 
392                 433                 472                 
473                 432                 393                 
394                 435                 474                 
475                 434                 395                 
396                 437                 476                 
477                 436                 397                 
398                 439                 478                 
479                 438                 399                 
400                 479                 480                 
401                 442                 481                 
482                 441                 402                 
403                 444                 483                 
484                 443                 404                 
405                 446                 485                 
486                 445                 406                 
407                 448                 487                 
488                 447                 408                 
409                 450                 489                 
490                 449                 410                 
411                 452                 491                 
492                 451                 412                 
413                 454                 493                 
494                 453                 414                 
415                 456                 495                 
496                 455                 416                 
417                 458                 497                 
498                 457                 418                 
419                 460                 499                 
500                 459                 420                 
421                 462                 501                 
502                 461                 422                 
423                 464                 503                 
504                 463                 424                 
425                 466                 505                 
506                 465                 426                 
427                 468                 507                 
508                 467                 428                 
429                 470                 509                 
510                 469                 430                 
431                 472                 511                 
512                 471                 432                 
433                 474                 513                 
514                 473                 434                 
435                 476                 515                 
516                 475                 436                 
437                 478                 517                 
518                 477                 438                 
439                 440                 519                 
520                 481                 440                 
521                 480                 441                 
442                 483                 522                 
523                 482                 443                 
444                 485                 524                 
525                 484                 445                 
446                 487                 526                 
527                 486                 447                 
448                 489                 528                 
529                 488                 449                 
450                 491                 530                 
531                 490                 451                 
452                 493                 532                 
533                 492                 453                 
454                 495                 534                 
535                 494                 455                 
456                 497                 536                 
537                 496                 457                 
458                 499                 538                 
539                 498                 459                 
460                 501                 540                 
541                 500                 461                 
462                 503                 542                 
543                 502                 463                 
464                 505                 544                 
545                 504                 465                 
466                 507                 546                 
547                 506                 467                 
468                 509                 548                 
549                 508                 469                 
470                 511                 550                 
551                 510                 471                 
472                 513                 552                 
553                 512                 473                 
474                 515                 554                 
555                 514                 475                 
476                 517                 556                 
557                 516                 477                 
478                 519                 558                 
559                 518                 479                 
480                 559                 560                 
481                 522                 561                 
562                 521                 482                 
483                 524                 563                 
564                 523                 484                 
485                 526                 565                 
566                 525                 486                 
487                 528                 567                 
568                 527                 488                 
489                 530                 569                 
570                 529                 490                 
491                 532                 571                 
572                 531                 492                 
493                 534                 573                 
574                 533                 494                 
495                 536                 575                 
576                 535                 496                 
497                 538                 577                 
578                 537                 498                 
499                 540                 579                 
580                 539                 500                 
501                 542                 581                 
582                 541                 502                 
503                 544                 583                 
584                 543                 504                 
505                 546                 585                 
586                 545                 506                 
507                 548                 587                 
588                 547                 508                 
509                 550                 589                 
590                 549                 510                 
511                 552                 591                 
592                 551                 512                 
513                 554                 593                 
594                 553                 514                 
515                 556                 595                 
596                 555                 516                 
517                 558                 597                 
598                 557                 518                 
519                 520                 599                 
600                 561                 520                 
601                 560                 521                 
522                 563                 602                 
603                 562                 523                 
524                 565                 604                 
605                 564                 525                 
526                 567                 606                 
607                 566                 527                 
528                 569                 608                 
609                 568                 529                 
530                 571                 610                 
611                 570                 531                 
532                 573                 612                 
613                 572                 533                 
534                 575                 614                 
615                 574                 535                 
536                 577                 616                 
617                 576                 537                 
538                 579                 618                 
619                 578                 539                 
540                 581                 620                 
621                 580                 541                 
542                 583                 622                 
623                 582                 543                 
544                 585                 624                 
625                 584                 545                 
546                 587                 626                 
627                 586                 547                 
548                 589                 628                 
629                 588                 549                 
550                 591                 630                 
631                 590                 551                 
552                 593                 632                 
633                 592                 553                 
554                 595                 634                 
635                 594                 555                 
556                 597                 636                 
637                 596                 557                 
558                 599                 638                 
639                 598                 559                 
560                 639                 640                 
561                 602                 641                 
642                 601                 562                 
563                 604                 643                 
644                 603                 564                 
565                 606                 645                 
646                 605                 566                 
567                 608                 647                 
648                 607                 568                 
569                 610                 649                 
650                 609                 570                 
571                 612                 651                 
652                 611                 572                 
573                 614                 653                 
654                 613                 574                 
575                 616                 655                 
656                 615                 576                 
577                 618                 657                 
658                 617                 578                 
579                 620                 659                 
660                 619                 580                 
581                 622                 661                 
662                 621                 582                 
583                 624                 663                 
664                 623                 584                 
585                 626                 665                 
666                 625                 586                 
587                 628                 667                 
668                 627                 588                 
589                 630                 669                 
670                 629                 590                 
591                 632                 671                 
672                 631                 592                 
593                 634                 673                 
674                 633                 594                 
595                 636                 675                 
676                 635                 596                 
597                 638                 677                 
678                 637                 598                 
599                 600                 679                 
680                 641                 600                 
681                 640                 601                 
602                 643                 682                 
683                 642                 603                 
604                 645                 684                 
685                 644                 605                 
606                 647                 686                 
687                 646                 607                 
608                 649                 688                 
689                 648                 609                 
610                 651                 690                 
691                 650                 611                 
612                 653                 692                 
693                 652                 613                 
614                 655                 694                 
695                 654                 615                 
616                 657                 696                 
697                 656                 617                 
618                 659                 698                 
699                 658                 619                 
620                 661                 700                 
701                 660                 621                 
622                 663                 702                 
703                 662                 623                 
624                 665                 704                 
705                 664                 625                 
626                 667                 706                 
707                 666                 627                 
628                 669                 708                 
709                 668                 629                 
630                 671                 710                 
711                 670                 631                 
632                 673                 712                 
713                 672                 633                 
634                 675                 714                 
715                 674                 635                 
636                 677                 716                 
717                 676                 637                 
638                 679                 718                 
719                 678                 639                 
640                 719                 720                 
641                 682                 721                 
722                 681                 642                 
643                 684                 723                 
724                 683                 644                 
645                 686                 725                 
726                 685                 646                 
647                 688                 727                 
728                 687                 648                 
649                 690                 729                 
730                 689                 650                 
651                 692                 731                 
732                 691                 652                 
653                 694                 733                 
734                 693                 654                 
655                 696                 735                 
736                 695                 656                 
657                 698                 737                 
738                 697                 658                 
659                 700                 739                 
699                 660                 701                 
700                 661                 702                 741                 
742                 701                 662                 
663                 704                 743                 
744                 703                 664                 
665                 706                 745                 
746                 705                 666                 
667                 708                 747                 
748                 707                 668                 
669                 710                 749                 
750                 709                 670                 
671                 712                 751                 
752                 711                 672                 
673                 714                 753                 
754                 713                 674                 
675                 716                 755                 
756                 715                 676                 
677                 718                 757                 
758                 717                 678                 
679                 680                 759                 
760                 721                 680                 
761                 720                 681                 
682                 723                 762                 
763                 722                 683                 
684                 725                 764                 
765                 724                 685                 
686                 727                 766                 
767                 726                 687                 
688                 729                 768                 
769                 728                 689                 
690                 731                 770                 
771                 730                 691                 
692                 733                 772                 
773                 732                 693                 
694                 735                 774                 
775                 734                 695                 
696                 737                 776                 
777                 736                 697                 
698                 739                 778                 
738                 699                 740                 
741                 780                 739                 
781                 740                 701                 
702                 743                 782                 
783                 742                 703                 
704                 745                 784                 
785                 744                 705                 
706                 747                 786                 
787                 746                 707                 
708                 749                 788                 
789                 748                 709                 
710                 751                 790                 
791                 750                 711                 
712                 753                 792                 
793                 752                 713                 
714                 755                 794                 
795                 754                 715                 
716                 757                 796                 
797                 756                 717                 
718                 759                 798                 
799                 758                 719                 
720                 799                 800                 
721                 762                 801                 
802                 761                 722                 
723                 764                 803                 
804                 763                 724                 
725                 766                 805                 
806                 765                 726                 
727                 768                 807                 
808                 767                 728                 
729                 770                 809                 
810                 769                 730                 
731                 772                 811                 
812                 771                 732                 
733                 774                 813                 
814                 773                 734                 
735                 776                 815                 
816                 775                 736                 
737                 778                 817                 
777                 738                 779                 
780                 819                 778                 
820                 779                 740                 
741                 782                 821                 
822                 781                 742                 
743                 784                 823                 
824                 783                 744                 
745                 786                 825                 
826                 785                 746                 
747                 788                 827                 
828                 787                 748                 
749                 790                 829                 
830                 789                 750                 
751                 792                 831                 
832                 791                 752                 
753                 794                 833                 
834                 793                 754                 
755                 796                 835                 
836                 795                 756                 
757                 798                 837                 
838                 797                 758                 
759                 760                 839                 
840                 801                 760                 
841                 800                 761                 
762                 803                 842                 
843                 802                 763                 
764                 805                 844                 
845                 804                 765                 
766                 807                 846                 
847                 806                 767                 
768                 809                 848                 
849                 808                 769                 
770                 811                 850                 
851                 810                 771                 
772                 813                 852                 
853                 812                 773                 
774                 815                 854                 
855                 814                 775                 
776                 817                 856                 
816                 777                 818                 
819                 858                 817                 
859                 818                 779                 
780                 821                 860                 
861                 820                 781                 
782                 823                 862                 
863                 822                 783                 
784                 825                 864                 
865                 824                 785                 
786                 827                 866                 
867                 826                 787                 
788                 829                 868                 
869                 828                 789                 
790                 831                 870                 
871                 830                 791                 
792                 833                 872                 
873                 832                 793                 
794                 835                 874                 
875                 834                 795                 
796                 837                 876                 
877                 836                 797                 
798                 839                 878                 
879                 838                 799                 
800                 879                 880                 
801                 842                 881                 
882                 841                 802                 
803                 844                 883                 
884                 843                 804                 
805                 846                 885                 
886                 845                 806                 
807                 848                 887                 
888                 847                 808                 
809                 850                 889                 
890                 849                 810                 
811                 852                 891                 
892                 851                 812                 
813                 854                 893                 
894                 853                 814                 
815                 856                 895                 
855                 816                 857                 
858                 897                 856                 
898                 857                 818                 
819                 860                 899                 
900                 859                 820                 
821                 862                 901                 
902                 861                 822                 
823                 864                 903                 
904                 863                 824                 
825                 866                 905                 
906                 865                 826                 
827                 868                 907                 
908                 867                 828                 
829                 870                 909                 
910                 869                 830                 
831                 872                 911                 
912                 871                 832                 
833                 874                 913                 
914                 873                 834                 
835                 876                 915                 
916                 875                 836                 
837                 878                 917                 
918                 877                 838                 
839                 840                 919                 
920                 881                 840                 
921                 880                 841                 
842                 883                 922                 
923                 882                 843                 
844                 885                 924                 
925                 884                 845                 
846                 887                 926                 
927                 886                 847                 
848                 889                 928                 
929                 888                 849                 
850                 891                 930                 
931                 890                 851                 
852                 893                 932                 
933                 892                 853                 
854                 895                 934                 
894                 855                 896                 
897                 936                 895                 
937                 896                 857                 
858                 899                 938                 
939                 898                 859                 
860                 901                 940                 
941                 900                 861                 
862                 903                 942                 
943                 902                 863                 
864                 905                 944                 
945                 904                 865                 
866                 907                 946                 
947                 906                 867                 
868                 909                 948                 
949                 908                 869                 
870                 911                 950                 
951                 910                 871                 
872                 913                 952                 
953                 912                 873                 
874                 915                 954                 
955                 914                 875                 
876                 917                 956                 
957                 916                 877                 
878                 919                 958                 
959                 918                 879                 
880                 959                 960                 
881                 922                 961                 
962                 921                 882                 
883                 924                 963                 
964                 923                 884                 
885                 926                 965                 
966                 925                 886                 
887                 928                 967                 
968                 927                 888                 
889                 930                 969                 
970                 929                 890                 
891                 932                 971                 
972                 931                 892                 
893                 934                 973                 
933                 894                 935                 
936                 975                 934                 
976                 935                 896                 
897                 938                 977                 
978                 937                 898                 
899                 940                 979                 
980                 939                 900                 
901                 942                 981                 
982                 941                 902                 
903                 944                 983                 
984                 943                 904                 
905                 946                 985                 
986                 945                 906                 
907                 948                 987                 
988                 947                 908                 
909                 950                 989                 
990                 949                 910                 
911                 952                 991                 
992                 951                 912                 
913                 954                 993                 
994                 953                 914                 
915                 956                 995                 
996                 955                 916                 
917                 958                 997                 
998                 957                 918                 
919                 920                 999                 
1000                961                 920                 
1001                960                 921                 
922                 963                 1002                
1003                962                 923                 
924                 965                 1004                
1005                964                 925                 
926                 967                 1006                
1007                966                 927                 
928                 969                 1008                
1009                968                 929                 
930                 971                 1010                
1011                970                 931                 
932                 973                 1012                
972                 933                 974                 
975                 1014                973                 
1015                974                 935                 
936                 977                 1016                
1017                976                 937                 
938                 979                 1018                
1019                978                 939                 
940                 981                 1020                
1021                980                 941                 
942                 983                 1022                
1023                982                 943                 
944                 985                 1024                
1025                984                 945                 
946                 987                 1026                
1027                986                 947                 
948                 989                 1028                
1029                988                 949                 
950                 991                 1030                
1031                990                 951                 
952                 993                 1032                
1033                992                 953                 
954                 995                 1034                
1035                994                 955                 
956                 997                 1036                
1037                996                 957                 
958                 999                 1038                
1039                998                 959                 
960                 1039                1040                
961                 1002                1041                
1042                1001                962                 
963                 1004                1043                
1044                1003                964                 
965                 1006                1045                
1046                1005                966                 
967                 1008                1047                
1048                1007                968                 
969                 1010                1049                
1050                1009                970                 
971                 1012                1051                
1011                972                 1013                
1014                1053                1012                
1054                1013                974                 
975                 1016                1055                
1056                1015                976                 
977                 1018                1057                
1058                1017                978                 
979                 1020                1059                
1060                1019                980                 
981                 1022                1061                
1062                1021                982                 
983                 1024                1063                
1064                1023                984                 
985                 1026                1065                
1066                1025                986                 
987                 1028                1067                
1068                1027                988                 
989                 1030                1069                
1070                1029                990                 
991                 1032                1071                
1072                1031                992                 
993                 1034                1073                
1074                1033                994                 
995                 1036                1075                
1076                1035                996                 
997                 1038                1077                
1078                1037                998                 
999                 1000                1079                
1080                1041                1000                
1081                1040                1001                
1002                1043                1082                
1083                1042                1003                
1004                1045                1084                
1085                1044                1005                
1006                1047                1086                
1087                1046                1007                
1008                1049                1088                
1089                1048                1009                
1010                1051                1090                
1050                1011                1052                1091                
1053                1092                1051                
1093                1052                1013                
1014                1055                1094                
1095                1054                1015                
1016                1057                1096                
1097                1056                1017                
1018                1059                1098                
1099                1058                1019                
1020                1061                1100                
1101                1060                1021                
1022                1063                1102                
1103                1062                1023                
1024                1065                1104                
1105                1064                1025                
1026                1067                1106                
1107                1066                1027                
1028                1069                1108                
1109                1068                1029                
1030                1071                1110                
1111                1070                1031                
1032                1073                1112                
1113                1072                1033                
1034                1075                1114                
1115                1074                1035                
1036                1077                1116                
1117                1076                1037                
1038                1079                1118                
1119                1078                1039                
1040                1119                1120                
1041                1082                1121                
1122                1081                1042                
1043                1084                1123                
1124                1083                1044                
1045                1086                1125                
1126                1085                1046                
1047                1088                1127                
1128                1087                1048                
1049                1090                1129                
1130                1089                1050                
1051                1092                1131                
1132                1091                1052                
1053                1094                1133                
1134                1093                1054                
1055                1096                1135                
1136                1095                1056                
1057                1098                1137                
1138                1097                1058                
1059                1100                1139                
1140                1099                1060                
1061                1102                1141                
1142                1101                1062                
1063                1104                1143                
1144                1103                1064                
1065                1106                1145                
1146                1105                1066                
1067                1108                1147                
1148                1107                1068                
1069                1110                1149                
1150                1109                1070                
1071                1112                1151                
1152                1111                1072                
1073                1114                1153                
1154                1113                1074                
1075                1116                1155                
1156                1115                1076                
1077                1118                1157                
1158                1117                1078                
1079                1080                1159                
1160                1121                1080                
1161                1120                1081                
1082                1123                1162                
1163                1122                1083                
1084                1125                1164                
1165                1124                1085                
1086                1127                1166                
1167                1126                1087                
1088                1129                1168                
1169                1128                1089                
1090                1131                1170                
1171                1130                1091                
1092                1133                1172                
1173                1132                1093                
1094                1135                1174                
1175                1134                1095                
1096                1137                1176                
1177                1136                1097                
1098                1139                1178                
1179                1138                1099                
1100                1141                1180                
1181                1140                1101                
1102                1143                1182                
1183                1142                1103                
1104                1145                1184                
1185                1144                1105                
1106                1147                1186                
1187                1146                1107                
1108                1149                1188                
1189                1148                1109                
1110                1151                1190                
1191                1150                1111                
1112                1153                1192                
1193                1152                1113                
1114                1155                1194                
1195                1154                1115                
1116                1157                1196                
1197                1156                1117                
1118                1159                1198                
1199                1158                1119                
1120                1199                1200                
1121                1162                1201                
1202                1161                1122                
1123                1164                1203                
1204                1163                1124                
1125                1166                1205                
1206                1165                1126                
1127                1168                1207                
1208                1167                1128                
1129                1170                1209                
1210                1169                1130                
1131                1172                1211                
1212                1171                1132                
1133                1174                1213                
1214                1173                1134                
1135                1176                1215                
1216                1175                1136                
1137                1178                1217                
1218                1177                1138                
1139                1180                1219                
1220                1179                1140                
1141                1182                1221                
1222                1181                1142                
1143                1184                1223                
1224                1183                1144                
1145                1186                1225                
1226                1185                1146                
1147                1188                1227                
1228                1187                1148                
1149                1190                1229                
1230                1189                1150                
1151                1192                1231                
1232                1191                1152                
1153                1194                1233                
1234                1193                1154                
1155                1196                1235                
1236                1195                1156                
1157                1198                1237                
1238                1197                1158                
1159                1160                1239                
1240                1201                1160                
1241                1200                1161                
1162                1203                1242                
1243                1202                1163                
1164                1205                1244                
1245                1204                1165                
1166                1207                1246                
1247                1206                1167                
1168                1209                1248                
1249                1208                1169                
1170                1211                1250                
1251                1210                1171                
1172                1213                1252                
1253                1212                1173                
1174                1215                1254                
1255                1214                1175                
1176                1217                1256                
1257                1216                1177                
1178                1219                1258                
1259                1218                1179                
1180                1221                1260                
1261                1220                1181                
1182                1223                1262                
1263                1222                1183                
1184                1225                1264                
1265                1224                1185                
1186                1227                1266                
1267                1226                1187                
1188                1229                1268                
1269                1228                1189                
1190                1231                1270                
1271                1230                1191                
1192                1233                1272                
1273                1232                1193                
1194                1235                1274                
1275                1234                1195                
1196                1237                1276                
1277                1236                1197                
1198                1239                1278                
1279                1238                1199                
1200                1279                1280                
1201                1242                1281                
1282                1241                1202                
1203                1244                1283                
1284                1243                1204                
1205                1246                1285                
1286                1245                1206                
1207                1248                1287                
1288                1247                1208                
1209                1250                1289                
1290                1249                1210                
1211                1252                1291                
1292                1251                1212                
1213                1254                1293                
1294                1253                1214                
1215                1256                1295                
1296                1255                1216                
1217                1258                1297                
1298                1257                1218                
1219                1260                1299                
1300                1259                1220                
1221                1262                1301                
1302                1261                1222                
1223                1264                1303                
1304                1263                1224                
1225                1266                1305                
1306                1265                1226                
1227                1268                1307                
1308                1267                1228                
1229                1270                1309                
1310                1269                1230                
1231                1272                1311                
1312                1271                1232                
1233                1274                1313                
1314                1273                1234                
1235                1276                1315                
1316                1275                1236                
1237                1278                1317                
1318                1277                1238                
1239                1240                1319                
1320                1281                1240                
1321                1280                1241                
1242                1283                1322                
1323                1282                1243                
1244                1285                1324                
1325                1284                1245                
1246                1287                1326                
1327                1286                1247                
1248                1289                1328                
1329                1288                1249                
1250                1291                1330                
1331                1290                1251                
1252                1293                1332                
1333                1292                1253                
1254                1295                1334                
1335                1294                1255                
1256                1297                1336                
1337                1296                1257                
1258                1299                1338                
1339                1298                1259                
1260                1301                1340                
1341                1300                1261                
1262                1303                1342                
1343                1302                1263                
1264                1305                1344                
1345                1304                1265                
1266                1307                1346                
1347                1306                1267                
1268                1309                1348                
1349                1308                1269                
1270                1311                1350                
1351                1310                1271                
1272                1313                1352                
1353                1312                1273                
1274                1315                1354                
1355                1314                1275                
1276                1317                1356                
1357                1316                1277                
1278                1319                1358                
1359                1318                1279                
1280                1359                1360                
1281                1322                1361                
1362                1321                1282                
1283                1324                1363                
1364                1323                1284                
1285                1326                1365                
1366                1325                1286                
1287                1328                1367                
1368                1327                1288                
1289                1330                1369                
1370                1329                1290                
1291                1332                1371                
1372                1331                1292                
1293                1334                1373                
1374                1333                1294                
1295                1336                1375                
1376                1335                1296                
1297                1338                1377                
1378                1337                1298                
1299                1340                1379                
1380                1339                1300                
1301                1342                1381                
1382                1341                1302                
1303                1344                1383                
1384                1343                1304                
1305                1346                1385                
1386                1345                1306                
1307                1348                1387                
1388                1347                1308                
1309                1350                1389                
1390                1349                1310                
1311                1352                1391                
1392                1351                1312                
1313                1354                1393                
1394                1353                1314                
1315                1356                1395                
1396                1355                1316                
1317                1358                1397                
1398                1357                1318                
1319                1320                1399                
1400                1361                1320                
1401                1360                1321                
1322                1363                1402                
1403                1362                1323                
1324                1365                1404                
1405                1364                1325                
1326                1367                1406                
1407                1366                1327                
1328                1369                1408                
1409                1368                1329                
1330                1371                1410                
1411                1370                1331                
1332                1373                1412                
1413                1372                1333                
1334                1375                1414                
1415                1374                1335                
1336                1377                1416                
1417                1376                1337                
1338                1379                1418                
1419                1378                1339                
1340                1381                1420                
1421                1380                1341                
1342                1383                1422                
1423                1382                1343                
1344                1385                1424                
1425                1384                1345                
1346                1387                1426                
1427                1386                1347                
1348                1389                1428                
1429                1388                1349                
1350                1391                1430                
1431                1390                1351                
1352                1393                1432                
1433                1392                1353                
1354                1395                1434                
1435                1394                1355                
1356                1397                1436                
1437                1396                1357                
1358                1399                1438                
1439                1398                1359                
1360                1439                1440                
1361                1402                1441                
1442                1401                1362                
1363                1404                1443                
1444                1403                1364                
1365                1406                1445                
1446                1405                1366                
1367                1408                1447                
1448                1407                1368                
1369                1410                1449                
1450                1409                1370                
1371                1412                1451                
1452                1411                1372                
1373                1414                1453                
1454                1413                1374                
1375                1416                1455                
1456                1415                1376                
1377                1418                1457                
1458                1417                1378                
1379                1420                1459                
1460                1419                1380                
1381                1422                1461                
1462                1421                1382                
1383                1424                1463                
1464                1423                1384                
1385                1426                1465                
1466                1425                1386                
1387                1428                1467                
1468                1427                1388                
1389                1430                1469                
1470                1429                1390                
1391                1432                1471                
1472                1431                1392                
1393                1434                1473                
1474                1433                1394                
1395                1436                1475                
1476                1435                1396                
1397                1438                1477                
1478                1437                1398                
1399                1400                1479                
1480                1441                1400                
1481                1440                1401                
1402                1443                1482                
1483                1442                1403                
1404                1445                1484                
1485                1444                1405                
1406                1447                1486                
1487                1446                1407                
1408                1449                1488                
1489                1448                1409                
1410                1451                1490                
1491                1450                1411                
1412                1453                1492                
1493                1452                1413                
1414                1455                1494                
1495                1454                1415                
1416                1457                1496                
1497                1456                1417                
1418                1459                1498                
1499                1458                1419                
1420                1461                1500                
1501                1460                1421                
1422                1463                1502                
1503                1462                1423                
1424                1465                1504                
1505                1464                1425                
1426                1467                1506                
1507                1466                1427                
1428                1469                1508                
1509                1468                1429                
1430                1471                1510                
1511                1470                1431                
1432                1473                1512                
1513                1472                1433                
1434                1475                1514                
1515                1474                1435                
1436                1477                1516                
1517                1476                1437                
1438                1479                1518                
1519                1478                1439                
1440                1519                1520                
1441                1482                1521                
1522                1481                1442                
1443                1484                1523                
1524                1483                1444                
1445                1486                1525                
1526                1485                1446                
1447                1488                1527                
1528                1487                1448                
1449                1490                1529                
1530                1489                1450                
1451                1492                1531                
1532                1491                1452                
1453                1494                1533                
1534                1493                1454                
1455                1496                1535                
1536                1495                1456                
1457                1498                1537                
1538                1497                1458                
1459                1500                1539                
1540                1499                1460                
1461                1502                1541                
1542                1501                1462                
1463                1504                1543                
1544                1503                1464                
1465                1506                1545                
1546                1505                1466                
1467                1508                1547                
1548                1507                1468                
1469                1510                1549                
1550                1509                1470                
1471                1512                1551                
1552                1511                1472                
1473                1514                1553                
1554                1513                1474                
1475                1516                1555                
1556                1515                1476                
1477                1518                1557                
1558                1517                1478                
1479                1480                1559                
1560                1521                1480                
1561                1520                1481                
1482                1523                1562                
1563                1522                1483                
1484                1525                1564                
1565                1524                1485                
1486                1527                1566                
1567                1526                1487                
1488                1529                1568                
1569                1528                1489                
1490                1531                1570                
1571                1530                1491                
1492                1533                1572                
1573                1532                1493                
1494                1535                1574                
1575                1534                1495                
1496                1537                1576                
1577                1536                1497                
1498                1539                1578                
1579                1538                1499                
1500                1541                1580                
1581                1540                1501                
1502                1543                1582                
1583                1542                1503                
1504                1545                1584                
1585                1544                1505                
1506                1547                1586                
1587                1546                1507                
1508                1549                1588                
1589                1548                1509                
1510                1551                1590                
1591                1550                1511                
1512                1553                1592                
1593                1552                1513                
1514                1555                1594                
1595                1554                1515                
1516                1557                1596                
1597                1556                1517                
1518                1559                1598                
1599                1558                1519                
1520                1599                0                   
1                   1562                1521                
1522                1561                2                   
3                   1564                1523                
1524                1563                4                   
5                   1566                1525                
1526                1565                6                   
7                   1568                1527                
1528                1567                8                   
9                   1570                1529                
1530                1569                10                  
11                  1572                1531                
1532                1571                12                  
13                  1574                1533                
1534                1573                14                  
15                  1576                1535                
1536                1575                16                  
17                  1578                1537                
1538                1577                18                  
19                  1580                1539                
1540                1579                20                  
21                  1582                1541                
1542                1581                22                  
23                  1584                1543                
1544                1583                24                  
25                  1586                1545                
1546                1585                26                  
27                  1588                1547                
1548                1587                28                  
29                  1590                1549                
1550                1589                30                  
31                  1592                1551                
1552                1591                32                  
33                  1594                1553                
1554                1593                34                  
35                  1596                1555                
1556                1595                36                  
37                  1598                1557                
1558                1597                38                  
39                  1560                1559                