5120
       256     1024
       256     1026
       258     1024
       258     1056
       260     1024
       260     1054
       262     1026
       262     1506
       264     1026
       264     1028
       266     1028
       266     1030
       268     1028
       268     1060
       270     1030
       270     1510
       272     1030
       272     1032
       274     1032
       274     1034
       276     1032
       276     1064
       278     1034
       278     1514
       280     1034
       280     1036
       282     1036
       282     1038
       284     1036
       284     1068
       286     1038
       286     1518
       288     1038
       288     1040
       290     1040
       290     1042
       292     1040
       292     1072
       294     1042
       294     1522
       296     1042
       296     1044
       298     1044
       298     1046
       300     1044
       300     1076
       302     1046
       302     1526
       304     1046
       304     1048
       306     1048
       306     1050
       308     1048
       308     1080
       310     1050
       310     1530
       312     1050
       312     1052
       314     1052
       314     1054
       316     1052
       316     1084
       318     1054
       318     1534
       320     1056
       320     1086
       322     1056
       322     1058
       324     1058
       324     1060
       326     1058
       326     1090
       328     1060
       328     1062
       330     1062
       330     1064
       332     1062
       332     1094
       334     1064
       334     1066
       336     1066
       336     1068
       338     1066
       338     1098
       340     1068
       340     1070
       342     1070
       342     1072
       344     1070
       344     1102
       346     1072
       346     1074
       348     1074
       348     1076
       350     1074
       350     1106
       352     1076
       352     1078
       354     1078
       354     1080
       356     1078
       356     1110
       358     1080
       358     1082
       360     1082
       360     1084
       362     1082
       362     1114
       364     1084
       364     1086
       366     1086
       366     1118
       368     1088
       368     1090
       370     1088
       370     1120
       372     1088
       372     1118
       374     1090
       374     1092
       376     1092
       376     1094
       378     1092
       378     1124
       380     1094
       380     1096
       382     1096
       382     1098
       384     1096
       384     1128
       386     1098
       386     1100
       388     1100
       388     1102
       390     1100
       390     1132
       392     1102
       392     1104
       394     1104
       394     1106
       396     1104
       396     1136
       398     1106
       398     1108
       400     1108
       400     1110
       402     1108
       402     1140
       404     1110
       404     1112
       406     1112
       406     1114
       408     1112
       408     1144
       410     1114
       410     1116
       412     1116
       412     1118
       414     1116
       414     1148
       416     1120
       416     1150
       418     1120
       418     1122
       420     1122
       420     1124
       422     1122
       422     1154
       424     1124
       424     1126
       426     1126
       426     1128
       428     1126
       428     1158
       430     1128
       430     1130
       432     1130
       432     1132
       434     1130
       434     1162
       436     1132
       436     1134
       438     1134
       438     1136
       440     1134
       440     1166
       442     1136
       442     1138
       444     1138
       444     1140
       446     1138
       446     1170
       448     1140
       448     1142
       450     1142
       450     1144
       452     1142
       452     1174
       454     1144
       454     1146
       456     1146
       456     1148
       458     1146
       458     1178
       460     1148
       460     1150
       462     1150
       462     1182
       464     1152
       464     1154
       466     1152
       466     1184
       468     1152
       468     1182
       470     1154
       470     1156
       472     1156
       472     1158
       474     1156
       474     1188
       476     1158
       476     1160
       478     1160
       478     1162
       480     1160
       480     1192
       482     1162
       482     1164
       484     1164
       484     1166
       486     1164
       486     1196
       488     1166
       488     1168
       490     1168
       490     1170
       492     1168
       492     1200
       494     1170
       494     1172
       496     1172
       496     1174
       498     1172
       498     1204
       500     1174
       500     1176
       502     1176
       502     1178
       504     1176
       504     1208
       506     1178
       506     1180
       508     1180
       508     1182
       510     1180
       510     1212
       512     1184
       512     1214
       514     1184
       514     1186
       516     1186
       516     1188
       518     1186
       518     1218
       520     1188
       520     1190
       522     1190
       522     1192
       524     1190
       524     1222
       526     1192
       526     1194
       528     1194
       528     1196
       530     1194
       530     1226
       532     1196
       532     1198
       534     1198
       534     1200
       536     1198
       536     1230
       538     1200
       538     1202
       540     1202
       540     1204
       542     1202
       542     1234
       544     1204
       544     1206
       546     1206
       546     1208
       548     1206
       548     1238
       550     1208
       550     1210
       552     1210
       552     1212
       554     1210
       554     1242
       556     1212
       556     1214
       558     1214
       558     1246
       560     1216
       560     1218
       562     1216
       562     1248
       564     1216
       564     1246
       566     1218
       566     1220
       568     1220
       568     1222
       570     1220
       570     1252
       572     1222
       572     1224
       574     1224
       574     1226
       576     1224
       576     1256
       578     1226
       578     1228
       580     1228
       580     1230
       582     1228
       582     1260
       584     1230
       584     1232
       586     1232
       586     1234
       588     1232
       588     1264
       590     1234
       590     1236
       592     1236
       592     1238
       594     1236
       594     1268
       596     1238
       596     1240
       598     1240
       598     1242
       600     1240
       600     1272
       602     1242
       602     1244
       604     1244
       604     1246
       606     1244
       606     1276
       608     1248
       608     1278
       610     1248
       610     1250
       612     1250
       612     1252
       614     1250
       614     1282
       616     1252
       616     1254
       618     1254
       618     1256
       620     1254
       620     1286
       622     1256
       622     1258
       624     1258
       624     1260
       626     1258
       626     1290
       628     1260
       628     1262
       630     1262
       630     1264
       632     1262
       632     1294
       634     1264
       634     1266
       636     1266
       636     1268
       638     1266
       638     1298
       640     1268
       640     1270
       642     1270
       642     1272
       644     1270
       644     1302
       646     1272
       646     1274
       648     1274
       648     1276
       650     1274
       650     1306
       652     1276
       652     1278
       654     1278
       654     1310
       656     1280
       656     1282
       658     1280
       658     1312
       660     1280
       660     1310
       662     1282
       662     1284
       664     1284
       664     1286
       666     1284
       666     1316
       668     1286
       668     1288
       670     1288
       670     1290
       672     1288
       672     1320
       674     1290
       674     1292
       676     1292
       676     1294
       678     1292
       678     1324
       680     1294
       680     1296
       682     1296
       682     1298
       684     1296
       684     1328
       686     1298
       686     1300
       688     1300
       688     1302
       690     1300
       690     1332
       692     1302
       692     1304
       694     1304
       694     1306
       696     1304
       696     1336
       698     1306
       698     1308
       700     1308
       700     1310
       702     1308
       702     1340
       704     1312
       704     1342
       706     1312
       706     1314
       708     1314
       708     1316
       710     1314
       710     1346
       712     1316
       712     1318
       714     1318
       714     1320
       716     1318
       716     1350
       718     1320
       718     1322
       720     1322
       720     1324
       722     1322
       722     1354
       724     1324
       724     1326
       726     1326
       726     1328
       728     1326
       728     1358
       730     1328
       730     1330
       732     1330
       732     1332
       734     1330
       734     1362
       736     1332
       736     1334
       738     1334
       738     1336
       740     1334
       740     1366
       742     1336
       742     1338
       744     1338
       744     1340
       746     1338
       746     1370
       748     1340
       748     1342
       750     1342
       750     1374
       752     1344
       752     1346
       754     1344
       754     1376
       756     1344
       756     1374
       758     1346
       758     1348
       760     1348
       760     1350
       762     1348
       762     1380
       764     1350
       764     1352
       766     1352
       766     1354
       768     1352
       768     1384
       770     1354
       770     1356
       772     1356
       772     1358
       774     1356
       774     1388
       776     1358
       776     1360
       778     1360
       778     1362
       780     1360
       780     1392
       782     1362
       782     1364
       784     1364
       784     1366
       786     1364
       786     1396
       788     1366
       788     1368
       790     1368
       790     1370
       792     1368
       792     1400
       794     1370
       794     1372
       796     1372
       796     1374
       798     1372
       798     1404
       800     1376
       800     1406
       802     1376
       802     1378
       804     1378
       804     1380
       806     1378
       806     1410
       808     1380
       808     1382
       810     1382
       810     1384
       812     1382
       812     1414
       814     1384
       814     1386
       816     1386
       816     1388
       818     1386
       818     1418
       820     1388
       820     1390
       822     1390
       822     1392
       824     1390
       824     1422
       826     1392
       826     1394
       828     1394
       828     1396
       830     1394
       830     1426
       832     1396
       832     1398
       834     1398
       834     1400
       836     1398
       836     1430
       838     1400
       838     1402
       840     1402
       840     1404
       842     1402
       842     1434
       844     1404
       844     1406
       846     1406
       846     1438
       848     1408
       848     1410
       850     1408
       850     1440
       852     1408
       852     1438
       854     1410
       854     1412
       856     1412
       856     1414
       858     1412
       858     1444
       860     1414
       860     1416
       862     1416
       862     1418
       864     1416
       864     1448
       866     1418
       866     1420
       868     1420
       868     1422
       870     1420
       870     1452
       872     1422
       872     1424
       874     1424
       874     1426
       876     1424
       876     1456
       878     1426
       878     1428
       880     1428
       880     1430
       882     1428
       882     1460
       884     1430
       884     1432
       886     1432
       886     1434
       888     1432
       888     1464
       890     1434
       890     1436
       892     1436
       892     1438
       894     1436
       894     1468
       896     1440
       896     1470
       898     1440
       898     1442
       900     1442
       900     1444
       902     1442
       902     1474
       904     1444
       904     1446
       906     1446
       906     1448
       908     1446
       908     1478
       910     1448
       910     1450
       912     1450
       912     1452
       914     1450
       914     1482
       916     1452
       916     1454
       918     1454
       918     1456
       920     1454
       920     1486
       922     1456
       922     1458
       924     1458
       924     1460
       926     1458
       926     1490
       928     1460
       928     1462
       930     1462
       930     1464
       932     1462
       932     1494
       934     1464
       934     1466
       936     1466
       936     1468
       938     1466
       938     1498
       940     1468
       940     1470
       942     1470
       942     1502
       944     1472
       944     1474
       946     1472
       946     1504
       948     1472
       948     1502
       950     1474
       950     1476
       952     1476
       952     1478
       954     1476
       954     1508
       956     1478
       956     1480
       958     1480
       958     1482
       960     1480
       960     1512
       962     1482
       962     1484
       964     1484
       964     1486
       966     1484
       966     1516
       968     1486
       968     1488
       970     1488
       970     1490
       972     1488
       972     1520
       974     1490
       974     1492
       976     1492
       976     1494
       978     1492
       978     1524
       980     1494
       980     1496
       982     1496
       982     1498
       984     1496
       984     1528
       986     1498
       986     1500
       988     1500
       988     1502
       990     1500
       990     1532
       992     1504
       992     1534
       994     1504
       994     1506
       996     1506
       996     1508
       998     1508
       998     1510
       1000     1510
       1000     1512
       1002     1512
       1002     1514
       1004     1514
       1004     1516
       1006     1516
       1006     1518
       1008     1518
       1008     1520
       1010     1520
       1010     1522
       1012     1522
       1012     1524
       1014     1524
       1014     1526
       1016     1526
       1016     1528
       1018     1528
       1018     1530
       1020     1530
       1020     1532
       1022     1532
       1022     1534
       257     1025
       257     1027
       259     1025
       259     1057
       261     1025
       261     1055
       263     1027
       263     1507
       265     1027
       265     1029
       267     1029
       267     1031
       269     1029
       269     1061
       271     1031
       271     1511
       273     1031
       273     1033
       275     1033
       275     1035
       277     1033
       277     1065
       279     1035
       279     1515
       281     1035
       281     1037
       283     1037
       283     1039
       285     1037
       285     1069
       287     1039
       287     1519
       289     1039
       289     1041
       291     1041
       291     1043
       293     1041
       293     1073
       295     1043
       295     1523
       297     1043
       297     1045
       299     1045
       299     1047
       301     1045
       301     1077
       303     1047
       303     1527
       305     1047
       305     1049
       307     1049
       307     1051
       309     1049
       309     1081
       311     1051
       311     1531
       313     1051
       313     1053
       315     1053
       315     1055
       317     1053
       317     1085
       319     1055
       319     1535
       321     1057
       321     1087
       323     1057
       323     1059
       325     1059
       325     1061
       327     1059
       327     1091
       329     1061
       329     1063
       331     1063
       331     1065
       333     1063
       333     1095
       335     1065
       335     1067
       337     1067
       337     1069
       339     1067
       339     1099
       341     1069
       341     1071
       343     1071
       343     1073
       345     1071
       345     1103
       347     1073
       347     1075
       349     1075
       349     1077
       351     1075
       351     1107
       353     1077
       353     1079
       355     1079
       355     1081
       357     1079
       357     1111
       359     1081
       359     1083
       361     1083
       361     1085
       363     1083
       363     1115
       365     1085
       365     1087
       367     1087
       367     1119
       369     1089
       369     1091
       371     1089
       371     1121
       373     1089
       373     1119
       375     1091
       375     1093
       377     1093
       377     1095
       379     1093
       379     1125
       381     1095
       381     1097
       383     1097
       383     1099
       385     1097
       385     1129
       387     1099
       387     1101
       389     1101
       389     1103
       391     1101
       391     1133
       393     1103
       393     1105
       395     1105
       395     1107
       397     1105
       397     1137
       399     1107
       399     1109
       401     1109
       401     1111
       403     1109
       403     1141
       405     1111
       405     1113
       407     1113
       407     1115
       409     1113
       409     1145
       411     1115
       411     1117
       413     1117
       413     1119
       415     1117
       415     1149
       417     1121
       417     1151
       419     1121
       419     1123
       421     1123
       421     1125
       423     1123
       423     1155
       425     1125
       425     1127
       427     1127
       427     1129
       429     1127
       429     1159
       431     1129
       431     1131
       433     1131
       433     1133
       435     1131
       435     1163
       437     1133
       437     1135
       439     1135
       439     1137
       441     1135
       441     1167
       443     1137
       443     1139
       445     1139
       445     1141
       447     1139
       447     1171
       449     1141
       449     1143
       451     1143
       451     1145
       453     1143
       453     1175
       455     1145
       455     1147
       457     1147
       457     1149
       459     1147
       459     1179
       461     1149
       461     1151
       463     1151
       463     1183
       465     1153
       465     1155
       467     1153
       467     1185
       469     1153
       469     1183
       471     1155
       471     1157
       473     1157
       473     1159
       475     1157
       475     1189
       477     1159
       477     1161
       479     1161
       479     1163
       481     1161
       481     1193
       483     1163
       483     1165
       485     1165
       485     1167
       487     1165
       487     1197
       489     1167
       489     1169
       491     1169
       491     1171
       493     1169
       493     1201
       495     1171
       495     1173
       497     1173
       497     1175
       499     1173
       499     1205
       501     1175
       501     1177
       503     1177
       503     1179
       505     1177
       505     1209
       507     1179
       507     1181
       509     1181
       509     1183
       511     1181
       511     1213
       513     1185
       513     1215
       515     1185
       515     1187
       517     1187
       517     1189
       519     1187
       519     1219
       521     1189
       521     1191
       523     1191
       523     1193
       525     1191
       525     1223
       527     1193
       527     1195
       529     1195
       529     1197
       531     1195
       531     1227
       533     1197
       533     1199
       535     1199
       535     1201
       537     1199
       537     1231
       539     1201
       539     1203
       541     1203
       541     1205
       543     1203
       543     1235
       545     1205
       545     1207
       547     1207
       547     1209
       549     1207
       549     1239
       551     1209
       551     1211
       553     1211
       553     1213
       555     1211
       555     1243
       557     1213
       557     1215
       559     1215
       559     1247
       561     1217
       561     1219
       563     1217
       563     1249
       565     1217
       565     1247
       567     1219
       567     1221
       569     1221
       569     1223
       571     1221
       571     1253
       573     1223
       573     1225
       575     1225
       575     1227
       577     1225
       577     1257
       579     1227
       579     1229
       581     1229
       581     1231
       583     1229
       583     1261
       585     1231
       585     1233
       587     1233
       587     1235
       589     1233
       589     1265
       591     1235
       591     1237
       593     1237
       593     1239
       595     1237
       595     1269
       597     1239
       597     1241
       599     1241
       599     1243
       601     1241
       601     1273
       603     1243
       603     1245
       605     1245
       605     1247
       607     1245
       607     1277
       609     1249
       609     1279
       611     1249
       611     1251
       613     1251
       613     1253
       615     1251
       615     1283
       617     1253
       617     1255
       619     1255
       619     1257
       621     1255
       621     1287
       623     1257
       623     1259
       625     1259
       625     1261
       627     1259
       627     1291
       629     1261
       629     1263
       631     1263
       631     1265
       633     1263
       633     1295
       635     1265
       635     1267
       637     1267
       637     1269
       639     1267
       639     1299
       641     1269
       641     1271
       643     1271
       643     1273
       645     1271
       645     1303
       647     1273
       647     1275
       649     1275
       649     1277
       651     1275
       651     1307
       653     1277
       653     1279
       655     1279
       655     1311
       657     1281
       657     1283
       659     1281
       659     1313
       661     1281
       661     1311
       663     1283
       663     1285
       665     1285
       665     1287
       667     1285
       667     1317
       669     1287
       669     1289
       671     1289
       671     1291
       673     1289
       673     1321
       675     1291
       675     1293
       677     1293
       677     1295
       679     1293
       679     1325
       681     1295
       681     1297
       683     1297
       683     1299
       685     1297
       685     1329
       687     1299
       687     1301
       689     1301
       689     1303
       691     1301
       691     1333
       693     1303
       693     1305
       695     1305
       695     1307
       697     1305
       697     1337
       699     1307
       699     1309
       701     1309
       701     1311
       703     1309
       703     1341
       705     1313
       705     1343
       707     1313
       707     1315
       709     1315
       709     1317
       711     1315
       711     1347
       713     1317
       713     1319
       715     1319
       715     1321
       717     1319
       717     1351
       719     1321
       719     1323
       721     1323
       721     1325
       723     1323
       723     1355
       725     1325
       725     1327
       727     1327
       727     1329
       729     1327
       729     1359
       731     1329
       731     1331
       733     1331
       733     1333
       735     1331
       735     1363
       737     1333
       737     1335
       739     1335
       739     1337
       741     1335
       741     1367
       743     1337
       743     1339
       745     1339
       745     1341
       747     1339
       747     1371
       749     1341
       749     1343
       751     1343
       751     1375
       753     1345
       753     1347
       755     1345
       755     1377
       757     1345
       757     1375
       759     1347
       759     1349
       761     1349
       761     1351
       763     1349
       763     1381
       765     1351
       765     1353
       767     1353
       767     1355
       769     1353
       769     1385
       771     1355
       771     1357
       773     1357
       773     1359
       775     1357
       775     1389
       777     1359
       777     1361
       779     1361
       779     1363
       781     1361
       781     1393
       783     1363
       783     1365
       785     1365
       785     1367
       787     1365
       787     1397
       789     1367
       789     1369
       791     1369
       791     1371
       793     1369
       793     1401
       795     1371
       795     1373
       797     1373
       797     1375
       799     1373
       799     1405
       801     1377
       801     1407
       803     1377
       803     1379
       805     1379
       805     1381
       807     1379
       807     1411
       809     1381
       809     1383
       811     1383
       811     1385
       813     1383
       813     1415
       815     1385
       815     1387
       817     1387
       817     1389
       819     1387
       819     1419
       821     1389
       821     1391
       823     1391
       823     1393
       825     1391
       825     1423
       827     1393
       827     1395
       829     1395
       829     1397
       831     1395
       831     1427
       833     1397
       833     1399
       835     1399
       835     1401
       837     1399
       837     1431
       839     1401
       839     1403
       841     1403
       841     1405
       843     1403
       843     1435
       845     1405
       845     1407
       847     1407
       847     1439
       849     1409
       849     1411
       851     1409
       851     1441
       853     1409
       853     1439
       855     1411
       855     1413
       857     1413
       857     1415
       859     1413
       859     1445
       861     1415
       861     1417
       863     1417
       863     1419
       865     1417
       865     1449
       867     1419
       867     1421
       869     1421
       869     1423
       871     1421
       871     1453
       873     1423
       873     1425
       875     1425
       875     1427
       877     1425
       877     1457
       879     1427
       879     1429
       881     1429
       881     1431
       883     1429
       883     1461
       885     1431
       885     1433
       887     1433
       887     1435
       889     1433
       889     1465
       891     1435
       891     1437
       893     1437
       893     1439
       895     1437
       895     1469
       897     1441
       897     1471
       899     1441
       899     1443
       901     1443
       901     1445
       903     1443
       903     1475
       905     1445
       905     1447
       907     1447
       907     1449
       909     1447
       909     1479
       911     1449
       911     1451
       913     1451
       913     1453
       915     1451
       915     1483
       917     1453
       917     1455
       919     1455
       919     1457
       921     1455
       921     1487
       923     1457
       923     1459
       925     1459
       925     1461
       927     1459
       927     1491
       929     1461
       929     1463
       931     1463
       931     1465
       933     1463
       933     1495
       935     1465
       935     1467
       937     1467
       937     1469
       939     1467
       939     1499
       941     1469
       941     1471
       943     1471
       943     1503
       945     1473
       945     1475
       947     1473
       947     1505
       949     1473
       949     1503
       951     1475
       951     1477
       953     1477
       953     1479
       955     1477
       955     1509
       957     1479
       957     1481
       959     1481
       959     1483
       961     1481
       961     1513
       963     1483
       963     1485
       965     1485
       965     1487
       967     1485
       967     1517
       969     1487
       969     1489
       971     1489
       971     1491
       973     1489
       973     1521
       975     1491
       975     1493
       977     1493
       977     1495
       979     1493
       979     1525
       981     1495
       981     1497
       983     1497
       983     1499
       985     1497
       985     1529
       987     1499
       987     1501
       989     1501
       989     1503
       991     1501
       991     1533
       993     1505
       993     1535
       995     1505
       995     1507
       997     1507
       997     1509
       999     1509
       999     1511
       1001     1511
       1001     1513
       1003     1513
       1003     1515
       1005     1515
       1005     1517
       1007     1517
       1007     1519
       1009     1519
       1009     1521
       1011     1521
       1011     1523
       1013     1523
       1013     1525
       1015     1525
       1015     1527
       1017     1527
       1017     1529
       1019     1529
       1019     1531
       1021     1531
       1021     1533
       1023     1533
       1023     1535
       0     1024
       0     1025
       1     1026
       1     1027
       2     1028
       2     1029
       3     1030
       3     1031
       4     1032
       4     1033
       5     1034
       5     1035
       6     1036
       6     1037
       7     1038
       7     1039
       8     1040
       8     1041
       9     1042
       9     1043
       10     1044
       10     1045
       11     1046
       11     1047
       12     1048
       12     1049
       13     1050
       13     1051
       14     1052
       14     1053
       15     1054
       15     1055
       16     1056
       16     1057
       17     1058
       17     1059
       18     1060
       18     1061
       19     1062
       19     1063
       20     1064
       20     1065
       21     1066
       21     1067
       22     1068
       22     1069
       23     1070
       23     1071
       24     1072
       24     1073
       25     1074
       25     1075
       26     1076
       26     1077
       27     1078
       27     1079
       28     1080
       28     1081
       29     1082
       29     1083
       30     1084
       30     1085
       31     1086
       31     1087
       32     1088
       32     1089
       33     1090
       33     1091
       34     1092
       34     1093
       35     1094
       35     1095
       36     1096
       36     1097
       37     1098
       37     1099
       38     1100
       38     1101
       39     1102
       39     1103
       40     1104
       40     1105
       41     1106
       41     1107
       42     1108
       42     1109
       43     1110
       43     1111
       44     1112
       44     1113
       45     1114
       45     1115
       46     1116
       46     1117
       47     1118
       47     1119
       48     1120
       48     1121
       49     1122
       49     1123
       50     1124
       50     1125
       51     1126
       51     1127
       52     1128
       52     1129
       53     1130
       53     1131
       54     1132
       54     1133
       55     1134
       55     1135
       56     1136
       56     1137
       57     1138
       57     1139
       58     1140
       58     1141
       59     1142
       59     1143
       60     1144
       60     1145
       61     1146
       61     1147
       62     1148
       62     1149
       63     1150
       63     1151
       64     1152
       64     1153
       65     1154
       65     1155
       66     1156
       66     1157
       67     1158
       67     1159
       68     1160
       68     1161
       69     1162
       69     1163
       70     1164
       70     1165
       71     1166
       71     1167
       72     1168
       72     1169
       73     1170
       73     1171
       74     1172
       74     1173
       75     1174
       75     1175
       76     1176
       76     1177
       77     1178
       77     1179
       78     1180
       78     1181
       79     1182
       79     1183
       80     1184
       80     1185
       81     1186
       81     1187
       82     1188
       82     1189
       83     1190
       83     1191
       84     1192
       84     1193
       85     1194
       85     1195
       86     1196
       86     1197
       87     1198
       87     1199
       88     1200
       88     1201
       89     1202
       89     1203
       90     1204
       90     1205
       91     1206
       91     1207
       92     1208
       92     1209
       93     1210
       93     1211
       94     1212
       94     1213
       95     1214
       95     1215
       96     1216
       96     1217
       97     1218
       97     1219
       98     1220
       98     1221
       99     1222
       99     1223
       100     1224
       100     1225
       101     1226
       101     1227
       102     1228
       102     1229
       103     1230
       103     1231
       104     1232
       104     1233
       105     1234
       105     1235
       106     1236
       106     1237
       107     1238
       107     1239
       108     1240
       108     1241
       109     1242
       109     1243
       110     1244
       110     1245
       111     1246
       111     1247
       112     1248
       112     1249
       113     1250
       113     1251
       114     1252
       114     1253
       115     1254
       115     1255
       116     1256
       116     1257
       117     1258
       117     1259
       118     1260
       118     1261
       119     1262
       119     1263
       120     1264
       120     1265
       121     1266
       121     1267
       122     1268
       122     1269
       123     1270
       123     1271
       124     1272
       124     1273
       125     1274
       125     1275
       126     1276
       126     1277
       127     1278
       127     1279
       128     1280
       128     1281
       129     1282
       129     1283
       130     1284
       130     1285
       131     1286
       131     1287
       132     1288
       132     1289
       133     1290
       133     1291
       134     1292
       134     1293
       135     1294
       135     1295
       136     1296
       136     1297
       137     1298
       137     1299
       138     1300
       138     1301
       139     1302
       139     1303
       140     1304
       140     1305
       141     1306
       141     1307
       142     1308
       142     1309
       143     1310
       143     1311
       144     1312
       144     1313
       145     1314
       145     1315
       146     1316
       146     1317
       147     1318
       147     1319
       148     1320
       148     1321
       149     1322
       149     1323
       150     1324
       150     1325
       151     1326
       151     1327
       152     1328
       152     1329
       153     1330
       153     1331
       154     1332
       154     1333
       155     1334
       155     1335
       156     1336
       156     1337
       157     1338
       157     1339
       158     1340
       158     1341
       159     1342
       159     1343
       160     1344
       160     1345
       161     1346
       161     1347
       162     1348
       162     1349
       163     1350
       163     1351
       164     1352
       164     1353
       165     1354
       165     1355
       166     1356
       166     1357
       167     1358
       167     1359
       168     1360
       168     1361
       169     1362
       169     1363
       170     1364
       170     1365
       171     1366
       171     1367
       172     1368
       172     1369
       173     1370
       173     1371
       174     1372
       174     1373
       175     1374
       175     1375
       176     1376
       176     1377
       177     1378
       177     1379
       178     1380
       178     1381
       179     1382
       179     1383
       180     1384
       180     1385
       181     1386
       181     1387
       182     1388
       182     1389
       183     1390
       183     1391
       184     1392
       184     1393
       185     1394
       185     1395
       186     1396
       186     1397
       187     1398
       187     1399
       188     1400
       188     1401
       189     1402
       189     1403
       190     1404
       190     1405
       191     1406
       191     1407
       192     1408
       192     1409
       193     1410
       193     1411
       194     1412
       194     1413
       195     1414
       195     1415
       196     1416
       196     1417
       197     1418
       197     1419
       198     1420
       198     1421
       199     1422
       199     1423
       200     1424
       200     1425
       201     1426
       201     1427
       202     1428
       202     1429
       203     1430
       203     1431
       204     1432
       204     1433
       205     1434
       205     1435
       206     1436
       206     1437
       207     1438
       207     1439
       208     1440
       208     1441
       209     1442
       209     1443
       210     1444
       210     1445
       211     1446
       211     1447
       212     1448
       212     1449
       213     1450
       213     1451
       214     1452
       214     1453
       215     1454
       215     1455
       216     1456
       216     1457
       217     1458
       217     1459
       218     1460
       218     1461
       219     1462
       219     1463
       220     1464
       220     1465
       221     1466
       221     1467
       222     1468
       222     1469
       223     1470
       223     1471
       224     1472
       224     1473
       225     1474
       225     1475
       226     1476
       226     1477
       227     1478
       227     1479
       228     1480
       228     1481
       229     1482
       229     1483
       230     1484
       230     1485
       231     1486
       231     1487
       232     1488
       232     1489
       233     1490
       233     1491
       234     1492
       234     1493
       235     1494
       235     1495
       236     1496
       236     1497
       237     1498
       237     1499
       238     1500
       238     1501
       239     1502
       239     1503
       240     1504
       240     1505
       241     1506
       241     1507
       242     1508
       242     1509
       243     1510
       243     1511
       244     1512
       244     1513
       245     1514
       245     1515
       246     1516
       246     1517
       247     1518
       247     1519
       248     1520
       248     1521
       249     1522
       249     1523
       250     1524
       250     1525
       251     1526
       251     1527
       252     1528
       252     1529
       253     1530
       253     1531
       254     1532
       254     1533
       255     1534
       255     1535
       256     258
       256     260
       256     0
       258     260
       258     0
       260     0
       257     259
       257     261
       257     0
       259     261
       259     0
       261     0
       256     262
       256     264
       256     1
       262     264
       262     1
       264     1
       257     263
       257     265
       257     1
       263     265
       263     1
       265     1
       264     266
       264     268
       264     2
       266     268
       266     2
       268     2
       265     267
       265     269
       265     2
       267     269
       267     2
       269     2
       266     270
       266     272
       266     3
       270     272
       270     3
       272     3
       267     271
       267     273
       267     3
       271     273
       271     3
       273     3
       272     274
       272     276
       272     4
       274     276
       274     4
       276     4
       273     275
       273     277
       273     4
       275     277
       275     4
       277     4
       274     278
       274     280
       274     5
       278     280
       278     5
       280     5
       275     279
       275     281
       275     5
       279     281
       279     5
       281     5
       280     282
       280     284
       280     6
       282     284
       282     6
       284     6
       281     283
       281     285
       281     6
       283     285
       283     6
       285     6
       282     286
       282     288
       282     7
       286     288
       286     7
       288     7
       283     287
       283     289
       283     7
       287     289
       287     7
       289     7
       288     290
       288     292
       288     8
       290     292
       290     8
       292     8
       289     291
       289     293
       289     8
       291     293
       291     8
       293     8
       290     294
       290     296
       290     9
       294     296
       294     9
       296     9
       291     295
       291     297
       291     9
       295     297
       295     9
       297     9
       296     298
       296     300
       296     10
       298     300
       298     10
       300     10
       297     299
       297     301
       297     10
       299     301
       299     10
       301     10
       298     302
       298     304
       298     11
       302     304
       302     11
       304     11
       299     303
       299     305
       299     11
       303     305
       303     11
       305     11
       304     306
       304     308
       304     12
       306     308
       306     12
       308     12
       305     307
       305     309
       305     12
       307     309
       307     12
       309     12
       306     310
       306     312
       306     13
       310     312
       310     13
       312     13
       307     311
       307     313
       307     13
       311     313
       311     13
       313     13
       312     314
       312     316
       312     14
       314     316
       314     14
       316     14
       313     315
       313     317
       313     14
       315     317
       315     14
       317     14
       260     314
       260     318
       260     15
       314     318
       314     15
       318     15
       261     315
       261     319
       261     15
       315     319
       315     15
       319     15
       258     320
       258     322
       258     16
       320     322
       320     16
       322     16
       259     321
       259     323
       259     16
       321     323
       321     16
       323     16
       322     324
       322     326
       322     17
       324     326
       324     17
       326     17
       323     325
       323     327
       323     17
       325     327
       325     17
       327     17
       268     324
       268     328
       268     18
       324     328
       324     18
       328     18
       269     325
       269     329
       269     18
       325     329
       325     18
       329     18
       328     330
       328     332
       328     19
       330     332
       330     19
       332     19
       329     331
       329     333
       329     19
       331     333
       331     19
       333     19
       276     330
       276     334
       276     20
       330     334
       330     20
       334     20
       277     331
       277     335
       277     20
       331     335
       331     20
       335     20
       334     336
       334     338
       334     21
       336     338
       336     21
       338     21
       335     337
       335     339
       335     21
       337     339
       337     21
       339     21
       284     336
       284     340
       284     22
       336     340
       336     22
       340     22
       285     337
       285     341
       285     22
       337     341
       337     22
       341     22
       340     342
       340     344
       340     23
       342     344
       342     23
       344     23
       341     343
       341     345
       341     23
       343     345
       343     23
       345     23
       292     342
       292     346
       292     24
       342     346
       342     24
       346     24
       293     343
       293     347
       293     24
       343     347
       343     24
       347     24
       346     348
       346     350
       346     25
       348     350
       348     25
       350     25
       347     349
       347     351
       347     25
       349     351
       349     25
       351     25
       300     348
       300     352
       300     26
       348     352
       348     26
       352     26
       301     349
       301     353
       301     26
       349     353
       349     26
       353     26
       352     354
       352     356
       352     27
       354     356
       354     27
       356     27
       353     355
       353     357
       353     27
       355     357
       355     27
       357     27
       308     354
       308     358
       308     28
       354     358
       354     28
       358     28
       309     355
       309     359
       309     28
       355     359
       355     28
       359     28
       358     360
       358     362
       358     29
       360     362
       360     29
       362     29
       359     361
       359     363
       359     29
       361     363
       361     29
       363     29
       316     360
       316     364
       316     30
       360     364
       360     30
       364     30
       317     361
       317     365
       317     30
       361     365
       361     30
       365     30
       320     364
       320     366
       320     31
       364     366
       364     31
       366     31
       321     365
       321     367
       321     31
       365     367
       365     31
       367     31
       368     370
       368     372
       368     32
       370     372
       370     32
       372     32
       369     371
       369     373
       369     32
       371     373
       371     32
       373     32
       326     368
       326     374
       326     33
       368     374
       368     33
       374     33
       327     369
       327     375
       327     33
       369     375
       369     33
       375     33
       374     376
       374     378
       374     34
       376     378
       376     34
       378     34
       375     377
       375     379
       375     34
       377     379
       377     34
       379     34
       332     376
       332     380
       332     35
       376     380
       376     35
       380     35
       333     377
       333     381
       333     35
       377     381
       377     35
       381     35
       380     382
       380     384
       380     36
       382     384
       382     36
       384     36
       381     383
       381     385
       381     36
       383     385
       383     36
       385     36
       338     382
       338     386
       338     37
       382     386
       382     37
       386     37
       339     383
       339     387
       339     37
       383     387
       383     37
       387     37
       386     388
       386     390
       386     38
       388     390
       388     38
       390     38
       387     389
       387     391
       387     38
       389     391
       389     38
       391     38
       344     388
       344     392
       344     39
       388     392
       388     39
       392     39
       345     389
       345     393
       345     39
       389     393
       389     39
       393     39
       392     394
       392     396
       392     40
       394     396
       394     40
       396     40
       393     395
       393     397
       393     40
       395     397
       395     40
       397     40
       350     394
       350     398
       350     41
       394     398
       394     41
       398     41
       351     395
       351     399
       351     41
       395     399
       395     41
       399     41
       398     400
       398     402
       398     42
       400     402
       400     42
       402     42
       399     401
       399     403
       399     42
       401     403
       401     42
       403     42
       356     400
       356     404
       356     43
       400     404
       400     43
       404     43
       357     401
       357     405
       357     43
       401     405
       401     43
       405     43
       404     406
       404     408
       404     44
       406     408
       406     44
       408     44
       405     407
       405     409
       405     44
       407     409
       407     44
       409     44
       362     406
       362     410
       362     45
       406     410
       406     45
       410     45
       363     407
       363     411
       363     45
       407     411
       407     45
       411     45
       410     412
       410     414
       410     46
       412     414
       412     46
       414     46
       411     413
       411     415
       411     46
       413     415
       413     46
       415     46
       366     372
       366     412
       366     47
       372     412
       372     47
       412     47
       367     373
       367     413
       367     47
       373     413
       373     47
       413     47
       370     416
       370     418
       370     48
       416     418
       416     48
       418     48
       371     417
       371     419
       371     48
       417     419
       417     48
       419     48
       418     420
       418     422
       418     49
       420     422
       420     49
       422     49
       419     421
       419     423
       419     49
       421     423
       421     49
       423     49
       378     420
       378     424
       378     50
       420     424
       420     50
       424     50
       379     421
       379     425
       379     50
       421     425
       421     50
       425     50
       424     426
       424     428
       424     51
       426     428
       426     51
       428     51
       425     427
       425     429
       425     51
       427     429
       427     51
       429     51
       384     426
       384     430
       384     52
       426     430
       426     52
       430     52
       385     427
       385     431
       385     52
       427     431
       427     52
       431     52
       430     432
       430     434
       430     53
       432     434
       432     53
       434     53
       431     433
       431     435
       431     53
       433     435
       433     53
       435     53
       390     432
       390     436
       390     54
       432     436
       432     54
       436     54
       391     433
       391     437
       391     54
       433     437
       433     54
       437     54
       436     438
       436     440
       436     55
       438     440
       438     55
       440     55
       437     439
       437     441
       437     55
       439     441
       439     55
       441     55
       396     438
       396     442
       396     56
       438     442
       438     56
       442     56
       397     439
       397     443
       397     56
       439     443
       439     56
       443     56
       442     444
       442     446
       442     57
       444     446
       444     57
       446     57
       443     445
       443     447
       443     57
       445     447
       445     57
       447     57
       402     444
       402     448
       402     58
       444     448
       444     58
       448     58
       403     445
       403     449
       403     58
       445     449
       445     58
       449     58
       448     450
       448     452
       448     59
       450     452
       450     59
       452     59
       449     451
       449     453
       449     59
       451     453
       451     59
       453     59
       408     450
       408     454
       408     60
       450     454
       450     60
       454     60
       409     451
       409     455
       409     60
       451     455
       451     60
       455     60
       454     456
       454     458
       454     61
       456     458
       456     61
       458     61
       455     457
       455     459
       455     61
       457     459
       457     61
       459     61
       414     456
       414     460
       414     62
       456     460
       456     62
       460     62
       415     457
       415     461
       415     62
       457     461
       457     62
       461     62
       416     460
       416     462
       416     63
       460     462
       460     63
       462     63
       417     461
       417     463
       417     63
       461     463
       461     63
       463     63
       464     466
       464     468
       464     64
       466     468
       466     64
       468     64
       465     467
       465     469
       465     64
       467     469
       467     64
       469     64
       422     464
       422     470
       422     65
       464     470
       464     65
       470     65
       423     465
       423     471
       423     65
       465     471
       465     65
       471     65
       470     472
       470     474
       470     66
       472     474
       472     66
       474     66
       471     473
       471     475
       471     66
       473     475
       473     66
       475     66
       428     472
       428     476
       428     67
       472     476
       472     67
       476     67
       429     473
       429     477
       429     67
       473     477
       473     67
       477     67
       476     478
       476     480
       476     68
       478     480
       478     68
       480     68
       477     479
       477     481
       477     68
       479     481
       479     68
       481     68
       434     478
       434     482
       434     69
       478     482
       478     69
       482     69
       435     479
       435     483
       435     69
       479     483
       479     69
       483     69
       482     484
       482     486
       482     70
       484     486
       484     70
       486     70
       483     485
       483     487
       483     70
       485     487
       485     70
       487     70
       440     484
       440     488
       440     71
       484     488
       484     71
       488     71
       441     485
       441     489
       441     71
       485     489
       485     71
       489     71
       488     490
       488     492
       488     72
       490     492
       490     72
       492     72
       489     491
       489     493
       489     72
       491     493
       491     72
       493     72
       446     490
       446     494
       446     73
       490     494
       490     73
       494     73
       447     491
       447     495
       447     73
       491     495
       491     73
       495     73
       494     496
       494     498
       494     74
       496     498
       496     74
       498     74
       495     497
       495     499
       495     74
       497     499
       497     74
       499     74
       452     496
       452     500
       452     75
       496     500
       496     75
       500     75
       453     497
       453     501
       453     75
       497     501
       497     75
       501     75
       500     502
       500     504
       500     76
       502     504
       502     76
       504     76
       501     503
       501     505
       501     76
       503     505
       503     76
       505     76
       458     502
       458     506
       458     77
       502     506
       502     77
       506     77
       459     503
       459     507
       459     77
       503     507
       503     77
       507     77
       506     508
       506     510
       506     78
       508     510
       508     78
       510     78
       507     509
       507     511
       507     78
       509     511
       509     78
       511     78
       462     468
       462     508
       462     79
       468     508
       468     79
       508     79
       463     469
       463     509
       463     79
       469     509
       469     79
       509     79
       466     512
       466     514
       466     80
       512     514
       512     80
       514     80
       467     513
       467     515
       467     80
       513     515
       513     80
       515     80
       514     516
       514     518
       514     81
       516     518
       516     81
       518     81
       515     517
       515     519
       515     81
       517     519
       517     81
       519     81
       474     516
       474     520
       474     82
       516     520
       516     82
       520     82
       475     517
       475     521
       475     82
       517     521
       517     82
       521     82
       520     522
       520     524
       520     83
       522     524
       522     83
       524     83
       521     523
       521     525
       521     83
       523     525
       523     83
       525     83
       480     522
       480     526
       480     84
       522     526
       522     84
       526     84
       481     523
       481     527
       481     84
       523     527
       523     84
       527     84
       526     528
       526     530
       526     85
       528     530
       528     85
       530     85
       527     529
       527     531
       527     85
       529     531
       529     85
       531     85
       486     528
       486     532
       486     86
       528     532
       528     86
       532     86
       487     529
       487     533
       487     86
       529     533
       529     86
       533     86
       532     534
       532     536
       532     87
       534     536
       534     87
       536     87
       533     535
       533     537
       533     87
       535     537
       535     87
       537     87
       492     534
       492     538
       492     88
       534     538
       534     88
       538     88
       493     535
       493     539
       493     88
       535     539
       535     88
       539     88
       538     540
       538     542
       538     89
       540     542
       540     89
       542     89
       539     541
       539     543
       539     89
       541     543
       541     89
       543     89
       498     540
       498     544
       498     90
       540     544
       540     90
       544     90
       499     541
       499     545
       499     90
       541     545
       541     90
       545     90
       544     546
       544     548
       544     91
       546     548
       546     91
       548     91
       545     547
       545     549
       545     91
       547     549
       547     91
       549     91
       504     546
       504     550
       504     92
       546     550
       546     92
       550     92
       505     547
       505     551
       505     92
       547     551
       547     92
       551     92
       550     552
       550     554
       550     93
       552     554
       552     93
       554     93
       551     553
       551     555
       551     93
       553     555
       553     93
       555     93
       510     552
       510     556
       510     94
       552     556
       552     94
       556     94
       511     553
       511     557
       511     94
       553     557
       553     94
       557     94
       512     556
       512     558
       512     95
       556     558
       556     95
       558     95
       513     557
       513     559
       513     95
       557     559
       557     95
       559     95
       560     562
       560     564
       560     96
       562     564
       562     96
       564     96
       561     563
       561     565
       561     96
       563     565
       563     96
       565     96
       518     560
       518     566
       518     97
       560     566
       560     97
       566     97
       519     561
       519     567
       519     97
       561     567
       561     97
       567     97
       566     568
       566     570
       566     98
       568     570
       568     98
       570     98
       567     569
       567     571
       567     98
       569     571
       569     98
       571     98
       524     568
       524     572
       524     99
       568     572
       568     99
       572     99
       525     569
       525     573
       525     99
       569     573
       569     99
       573     99
       572     574
       572     576
       572     100
       574     576
       574     100
       576     100
       573     575
       573     577
       573     100
       575     577
       575     100
       577     100
       530     574
       530     578
       530     101
       574     578
       574     101
       578     101
       531     575
       531     579
       531     101
       575     579
       575     101
       579     101
       578     580
       578     582
       578     102
       580     582
       580     102
       582     102
       579     581
       579     583
       579     102
       581     583
       581     102
       583     102
       536     580
       536     584
       536     103
       580     584
       580     103
       584     103
       537     581
       537     585
       537     103
       581     585
       581     103
       585     103
       584     586
       584     588
       584     104
       586     588
       586     104
       588     104
       585     587
       585     589
       585     104
       587     589
       587     104
       589     104
       542     586
       542     590
       542     105
       586     590
       586     105
       590     105
       543     587
       543     591
       543     105
       587     591
       587     105
       591     105
       590     592
       590     594
       590     106
       592     594
       592     106
       594     106
       591     593
       591     595
       591     106
       593     595
       593     106
       595     106
       548     592
       548     596
       548     107
       592     596
       592     107
       596     107
       549     593
       549     597
       549     107
       593     597
       593     107
       597     107
       596     598
       596     600
       596     108
       598     600
       598     108
       600     108
       597     599
       597     601
       597     108
       599     601
       599     108
       601     108
       554     598
       554     602
       554     109
       598     602
       598     109
       602     109
       555     599
       555     603
       555     109
       599     603
       599     109
       603     109
       602     604
       602     606
       602     110
       604     606
       604     110
       606     110
       603     605
       603     607
       603     110
       605     607
       605     110
       607     110
       558     564
       558     604
       558     111
       564     604
       564     111
       604     111
       559     565
       559     605
       559     111
       565     605
       565     111
       605     111
       562     608
       562     610
       562     112
       608     610
       608     112
       610     112
       563     609
       563     611
       563     112
       609     611
       609     112
       611     112
       610     612
       610     614
       610     113
       612     614
       612     113
       614     113
       611     613
       611     615
       611     113
       613     615
       613     113
       615     113
       570     612
       570     616
       570     114
       612     616
       612     114
       616     114
       571     613
       571     617
       571     114
       613     617
       613     114
       617     114
       616     618
       616     620
       616     115
       618     620
       618     115
       620     115
       617     619
       617     621
       617     115
       619     621
       619     115
       621     115
       576     618
       576     622
       576     116
       618     622
       618     116
       622     116
       577     619
       577     623
       577     116
       619     623
       619     116
       623     116
       622     624
       622     626
       622     117
       624     626
       624     117
       626     117
       623     625
       623     627
       623     117
       625     627
       625     117
       627     117
       582     624
       582     628
       582     118
       624     628
       624     118
       628     118
       583     625
       583     629
       583     118
       625     629
       625     118
       629     118
       628     630
       628     632
       628     119
       630     632
       630     119
       632     119
       629     631
       629     633
       629     119
       631     633
       631     119
       633     119
       588     630
       588     634
       588     120
       630     634
       630     120
       634     120
       589     631
       589     635
       589     120
       631     635
       631     120
       635     120
       634     636
       634     638
       634     121
       636     638
       636     121
       638     121
       635     637
       635     639
       635     121
       637     639
       637     121
       639     121
       594     636
       594     640
       594     122
       636     640
       636     122
       640     122
       595     637
       595     641
       595     122
       637     641
       637     122
       641     122
       640     642
       640     644
       640     123
       642     644
       642     123
       644     123
       641     643
       641     645
       641     123
       643     645
       643     123
       645     123
       600     642
       600     646
       600     124
       642     646
       642     124
       646     124
       601     643
       601     647
       601     124
       643     647
       643     124
       647     124
       646     648
       646     650
       646     125
       648     650
       648     125
       650     125
       647     649
       647     651
       647     125
       649     651
       649     125
       651     125
       606     648
       606     652
       606     126
       648     652
       648     126
       652     126
       607     649
       607     653
       607     126
       649     653
       649     126
       653     126
       608     652
       608     654
       608     127
       652     654
       652     127
       654     127
       609     653
       609     655
       609     127
       653     655
       653     127
       655     127
       656     658
       656     660
       656     128
       658     660
       658     128
       660     128
       657     659
       657     661
       657     128
       659     661
       659     128
       661     128
       614     656
       614     662
       614     129
       656     662
       656     129
       662     129
       615     657
       615     663
       615     129
       657     663
       657     129
       663     129
       662     664
       662     666
       662     130
       664     666
       664     130
       666     130
       663     665
       663     667
       663     130
       665     667
       665     130
       667     130
       620     664
       620     668
       620     131
       664     668
       664     131
       668     131
       621     665
       621     669
       621     131
       665     669
       665     131
       669     131
       668     670
       668     672
       668     132
       670     672
       670     132
       672     132
       669     671
       669     673
       669     132
       671     673
       671     132
       673     132
       626     670
       626     674
       626     133
       670     674
       670     133
       674     133
       627     671
       627     675
       627     133
       671     675
       671     133
       675     133
       674     676
       674     678
       674     134
       676     678
       676     134
       678     134
       675     677
       675     679
       675     134
       677     679
       677     134
       679     134
       632     676
       632     680
       632     135
       676     680
       676     135
       680     135
       633     677
       633     681
       633     135
       677     681
       677     135
       681     135
       680     682
       680     684
       680     136
       682     684
       682     136
       684     136
       681     683
       681     685
       681     136
       683     685
       683     136
       685     136
       638     682
       638     686
       638     137
       682     686
       682     137
       686     137
       639     683
       639     687
       639     137
       683     687
       683     137
       687     137
       686     688
       686     690
       686     138
       688     690
       688     138
       690     138
       687     689
       687     691
       687     138
       689     691
       689     138
       691     138
       644     688
       644     692
       644     139
       688     692
       688     139
       692     139
       645     689
       645     693
       645     139
       689     693
       689     139
       693     139
       692     694
       692     696
       692     140
       694     696
       694     140
       696     140
       693     695
       693     697
       693     140
       695     697
       695     140
       697     140
       650     694
       650     698
       650     141
       694     698
       694     141
       698     141
       651     695
       651     699
       651     141
       695     699
       695     141
       699     141
       698     700
       698     702
       698     142
       700     702
       700     142
       702     142
       699     701
       699     703
       699     142
       701     703
       701     142
       703     142
       654     660
       654     700
       654     143
       660     700
       660     143
       700     143
       655     661
       655     701
       655     143
       661     701
       661     143
       701     143
       658     704
       658     706
       658     144
       704     706
       704     144
       706     144
       659     705
       659     707
       659     144
       705     707
       705     144
       707     144
       706     708
       706     710
       706     145
       708     710
       708     145
       710     145
       707     709
       707     711
       707     145
       709     711
       709     145
       711     145
       666     708
       666     712
       666     146
       708     712
       708     146
       712     146
       667     709
       667     713
       667     146
       709     713
       709     146
       713     146
       712     714
       712     716
       712     147
       714     716
       714     147
       716     147
       713     715
       713     717
       713     147
       715     717
       715     147
       717     147
       672     714
       672     718
       672     148
       714     718
       714     148
       718     148
       673     715
       673     719
       673     148
       715     719
       715     148
       719     148
       718     720
       718     722
       718     149
       720     722
       720     149
       722     149
       719     721
       719     723
       719     149
       721     723
       721     149
       723     149
       678     720
       678     724
       678     150
       720     724
       720     150
       724     150
       679     721
       679     725
       679     150
       721     725
       721     150
       725     150
       724     726
       724     728
       724     151
       726     728
       726     151
       728     151
       725     727
       725     729
       725     151
       727     729
       727     151
       729     151
       684     726
       684     730
       684     152
       726     730
       726     152
       730     152
       685     727
       685     731
       685     152
       727     731
       727     152
       731     152
       730     732
       730     734
       730     153
       732     734
       732     153
       734     153
       731     733
       731     735
       731     153
       733     735
       733     153
       735     153
       690     732
       690     736
       690     154
       732     736
       732     154
       736     154
       691     733
       691     737
       691     154
       733     737
       733     154
       737     154
       736     738
       736     740
       736     155
       738     740
       738     155
       740     155
       737     739
       737     741
       737     155
       739     741
       739     155
       741     155
       696     738
       696     742
       696     156
       738     742
       738     156
       742     156
       697     739
       697     743
       697     156
       739     743
       739     156
       743     156
       742     744
       742     746
       742     157
       744     746
       744     157
       746     157
       743     745
       743     747
       743     157
       745     747
       745     157
       747     157
       702     744
       702     748
       702     158
       744     748
       744     158
       748     158
       703     745
       703     749
       703     158
       745     749
       745     158
       749     158
       704     748
       704     750
       704     159
       748     750
       748     159
       750     159
       705     749
       705     751
       705     159
       749     751
       749     159
       751     159
       752     754
       752     756
       752     160
       754     756
       754     160
       756     160
       753     755
       753     757
       753     160
       755     757
       755     160
       757     160
       710     752
       710     758
       710     161
       752     758
       752     161
       758     161
       711     753
       711     759
       711     161
       753     759
       753     161
       759     161
       758     760
       758     762
       758     162
       760     762
       760     162
       762     162
       759     761
       759     763
       759     162
       761     763
       761     162
       763     162
       716     760
       716     764
       716     163
       760     764
       760     163
       764     163
       717     761
       717     765
       717     163
       761     765
       761     163
       765     163
       764     766
       764     768
       764     164
       766     768
       766     164
       768     164
       765     767
       765     769
       765     164
       767     769
       767     164
       769     164
       722     766
       722     770
       722     165
       766     770
       766     165
       770     165
       723     767
       723     771
       723     165
       767     771
       767     165
       771     165
       770     772
       770     774
       770     166
       772     774
       772     166
       774     166
       771     773
       771     775
       771     166
       773     775
       773     166
       775     166
       728     772
       728     776
       728     167
       772     776
       772     167
       776     167
       729     773
       729     777
       729     167
       773     777
       773     167
       777     167
       776     778
       776     780
       776     168
       778     780
       778     168
       780     168
       777     779
       777     781
       777     168
       779     781
       779     168
       781     168
       734     778
       734     782
       734     169
       778     782
       778     169
       782     169
       735     779
       735     783
       735     169
       779     783
       779     169
       783     169
       782     784
       782     786
       782     170
       784     786
       784     170
       786     170
       783     785
       783     787
       783     170
       785     787
       785     170
       787     170
       740     784
       740     788
       740     171
       784     788
       784     171
       788     171
       741     785
       741     789
       741     171
       785     789
       785     171
       789     171
       788     790
       788     792
       788     172
       790     792
       790     172
       792     172
       789     791
       789     793
       789     172
       791     793
       791     172
       793     172
       746     790
       746     794
       746     173
       790     794
       790     173
       794     173
       747     791
       747     795
       747     173
       791     795
       791     173
       795     173
       794     796
       794     798
       794     174
       796     798
       796     174
       798     174
       795     797
       795     799
       795     174
       797     799
       797     174
       799     174
       750     756
       750     796
       750     175
       756     796
       756     175
       796     175
       751     757
       751     797
       751     175
       757     797
       757     175
       797     175
       754     800
       754     802
       754     176
       800     802
       800     176
       802     176
       755     801
       755     803
       755     176
       801     803
       801     176
       803     176
       802     804
       802     806
       802     177
       804     806
       804     177
       806     177
       803     805
       803     807
       803     177
       805     807
       805     177
       807     177
       762     804
       762     808
       762     178
       804     808
       804     178
       808     178
       763     805
       763     809
       763     178
       805     809
       805     178
       809     178
       808     810
       808     812
       808     179
       810     812
       810     179
       812     179
       809     811
       809     813
       809     179
       811     813
       811     179
       813     179
       768     810
       768     814
       768     180
       810     814
       810     180
       814     180
       769     811
       769     815
       769     180
       811     815
       811     180
       815     180
       814     816
       814     818
       814     181
       816     818
       816     181
       818     181
       815     817
       815     819
       815     181
       817     819
       817     181
       819     181
       774     816
       774     820
       774     182
       816     820
       816     182
       820     182
       775     817
       775     821
       775     182
       817     821
       817     182
       821     182
       820     822
       820     824
       820     183
       822     824
       822     183
       824     183
       821     823
       821     825
       821     183
       823     825
       823     183
       825     183
       780     822
       780     826
       780     184
       822     826
       822     184
       826     184
       781     823
       781     827
       781     184
       823     827
       823     184
       827     184
       826     828
       826     830
       826     185
       828     830
       828     185
       830     185
       827     829
       827     831
       827     185
       829     831
       829     185
       831     185
       786     828
       786     832
       786     186
       828     832
       828     186
       832     186
       787     829
       787     833
       787     186
       829     833
       829     186
       833     186
       832     834
       832     836
       832     187
       834     836
       834     187
       836     187
       833     835
       833     837
       833     187
       835     837
       835     187
       837     187
       792     834
       792     838
       792     188
       834     838
       834     188
       838     188
       793     835
       793     839
       793     188
       835     839
       835     188
       839     188
       838     840
       838     842
       838     189
       840     842
       840     189
       842     189
       839     841
       839     843
       839     189
       841     843
       841     189
       843     189
       798     840
       798     844
       798     190
       840     844
       840     190
       844     190
       799     841
       799     845
       799     190
       841     845
       841     190
       845     190
       800     844
       800     846
       800     191
       844     846
       844     191
       846     191
       801     845
       801     847
       801     191
       845     847
       845     191
       847     191
       848     850
       848     852
       848     192
       850     852
       850     192
       852     192
       849     851
       849     853
       849     192
       851     853
       851     192
       853     192
       806     848
       806     854
       806     193
       848     854
       848     193
       854     193
       807     849
       807     855
       807     193
       849     855
       849     193
       855     193
       854     856
       854     858
       854     194
       856     858
       856     194
       858     194
       855     857
       855     859
       855     194
       857     859
       857     194
       859     194
       812     856
       812     860
       812     195
       856     860
       856     195
       860     195
       813     857
       813     861
       813     195
       857     861
       857     195
       861     195
       860     862
       860     864
       860     196
       862     864
       862     196
       864     196
       861     863
       861     865
       861     196
       863     865
       863     196
       865     196
       818     862
       818     866
       818     197
       862     866
       862     197
       866     197
       819     863
       819     867
       819     197
       863     867
       863     197
       867     197
       866     868
       866     870
       866     198
       868     870
       868     198
       870     198
       867     869
       867     871
       867     198
       869     871
       869     198
       871     198
       824     868
       824     872
       824     199
       868     872
       868     199
       872     199
       825     869
       825     873
       825     199
       869     873
       869     199
       873     199
       872     874
       872     876
       872     200
       874     876
       874     200
       876     200
       873     875
       873     877
       873     200
       875     877
       875     200
       877     200
       830     874
       830     878
       830     201
       874     878
       874     201
       878     201
       831     875
       831     879
       831     201
       875     879
       875     201
       879     201
       878     880
       878     882
       878     202
       880     882
       880     202
       882     202
       879     881
       879     883
       879     202
       881     883
       881     202
       883     202
       836     880
       836     884
       836     203
       880     884
       880     203
       884     203
       837     881
       837     885
       837     203
       881     885
       881     203
       885     203
       884     886
       884     888
       884     204
       886     888
       886     204
       888     204
       885     887
       885     889
       885     204
       887     889
       887     204
       889     204
       842     886
       842     890
       842     205
       886     890
       886     205
       890     205
       843     887
       843     891
       843     205
       887     891
       887     205
       891     205
       890     892
       890     894
       890     206
       892     894
       892     206
       894     206
       891     893
       891     895
       891     206
       893     895
       893     206
       895     206
       846     852
       846     892
       846     207
       852     892
       852     207
       892     207
       847     853
       847     893
       847     207
       853     893
       853     207
       893     207
       850     896
       850     898
       850     208
       896     898
       896     208
       898     208
       851     897
       851     899
       851     208
       897     899
       897     208
       899     208
       898     900
       898     902
       898     209
       900     902
       900     209
       902     209
       899     901
       899     903
       899     209
       901     903
       901     209
       903     209
       858     900
       858     904
       858     210
       900     904
       900     210
       904     210
       859     901
       859     905
       859     210
       901     905
       901     210
       905     210
       904     906
       904     908
       904     211
       906     908
       906     211
       908     211
       905     907
       905     909
       905     211
       907     909
       907     211
       909     211
       864     906
       864     910
       864     212
       906     910
       906     212
       910     212
       865     907
       865     911
       865     212
       907     911
       907     212
       911     212
       910     912
       910     914
       910     213
       912     914
       912     213
       914     213
       911     913
       911     915
       911     213
       913     915
       913     213
       915     213
       870     912
       870     916
       870     214
       912     916
       912     214
       916     214
       871     913
       871     917
       871     214
       913     917
       913     214
       917     214
       916     918
       916     920
       916     215
       918     920
       918     215
       920     215
       917     919
       917     921
       917     215
       919     921
       919     215
       921     215
       876     918
       876     922
       876     216
       918     922
       918     216
       922     216
       877     919
       877     923
       877     216
       919     923
       919     216
       923     216
       922     924
       922     926
       922     217
       924     926
       924     217
       926     217
       923     925
       923     927
       923     217
       925     927
       925     217
       927     217
       882     924
       882     928
       882     218
       924     928
       924     218
       928     218
       883     925
       883     929
       883     218
       925     929
       925     218
       929     218
       928     930
       928     932
       928     219
       930     932
       930     219
       932     219
       929     931
       929     933
       929     219
       931     933
       931     219
       933     219
       888     930
       888     934
       888     220
       930     934
       930     220
       934     220
       889     931
       889     935
       889     220
       931     935
       931     220
       935     220
       934     936
       934     938
       934     221
       936     938
       936     221
       938     221
       935     937
       935     939
       935     221
       937     939
       937     221
       939     221
       894     936
       894     940
       894     222
       936     940
       936     222
       940     222
       895     937
       895     941
       895     222
       937     941
       937     222
       941     222
       896     940
       896     942
       896     223
       940     942
       940     223
       942     223
       897     941
       897     943
       897     223
       941     943
       941     223
       943     223
       944     946
       944     948
       944     224
       946     948
       946     224
       948     224
       945     947
       945     949
       945     224
       947     949
       947     224
       949     224
       902     944
       902     950
       902     225
       944     950
       944     225
       950     225
       903     945
       903     951
       903     225
       945     951
       945     225
       951     225
       950     952
       950     954
       950     226
       952     954
       952     226
       954     226
       951     953
       951     955
       951     226
       953     955
       953     226
       955     226
       908     952
       908     956
       908     227
       952     956
       952     227
       956     227
       909     953
       909     957
       909     227
       953     957
       953     227
       957     227
       956     958
       956     960
       956     228
       958     960
       958     228
       960     228
       957     959
       957     961
       957     228
       959     961
       959     228
       961     228
       914     958
       914     962
       914     229
       958     962
       958     229
       962     229
       915     959
       915     963
       915     229
       959     963
       959     229
       963     229
       962     964
       962     966
       962     230
       964     966
       964     230
       966     230
       963     965
       963     967
       963     230
       965     967
       965     230
       967     230
       920     964
       920     968
       920     231
       964     968
       964     231
       968     231
       921     965
       921     969
       921     231
       965     969
       965     231
       969     231
       968     970
       968     972
       968     232
       970     972
       970     232
       972     232
       969     971
       969     973
       969     232
       971     973
       971     232
       973     232
       926     970
       926     974
       926     233
       970     974
       970     233
       974     233
       927     971
       927     975
       927     233
       971     975
       971     233
       975     233
       974     976
       974     978
       974     234
       976     978
       976     234
       978     234
       975     977
       975     979
       975     234
       977     979
       977     234
       979     234
       932     976
       932     980
       932     235
       976     980
       976     235
       980     235
       933     977
       933     981
       933     235
       977     981
       977     235
       981     235
       980     982
       980     984
       980     236
       982     984
       982     236
       984     236
       981     983
       981     985
       981     236
       983     985
       983     236
       985     236
       938     982
       938     986
       938     237
       982     986
       982     237
       986     237
       939     983
       939     987
       939     237
       983     987
       983     237
       987     237
       986     988
       986     990
       986     238
       988     990
       988     238
       990     238
       987     989
       987     991
       987     238
       989     991
       989     238
       991     238
       942     948
       942     988
       942     239
       948     988
       948     239
       988     239
       943     949
       943     989
       943     239
       949     989
       949     239
       989     239
       946     992
       946     994
       946     240
       992     994
       992     240
       994     240
       947     993
       947     995
       947     240
       993     995
       993     240
       995     240
       262     994
       262     996
       262     241
       994     996
       994     241
       996     241
       263     995
       263     997
       263     241
       995     997
       995     241
       997     241
       954     996
       954     998
       954     242
       996     998
       996     242
       998     242
       955     997
       955     999
       955     242
       997     999
       997     242
       999     242
       270     998
       270     1000
       270     243
       998     1000
       998     243
       1000     243
       271     999
       271     1001
       271     243
       999     1001
       999     243
       1001     243
       960     1000
       960     1002
       960     244
       1000     1002
       1000     244
       1002     244
       961     1001
       961     1003
       961     244
       1001     1003
       1001     244
       1003     244
       278     1002
       278     1004
       278     245
       1002     1004
       1002     245
       1004     245
       279     1003
       279     1005
       279     245
       1003     1005
       1003     245
       1005     245
       966     1004
       966     1006
       966     246
       1004     1006
       1004     246
       1006     246
       967     1005
       967     1007
       967     246
       1005     1007
       1005     246
       1007     246
       286     1006
       286     1008
       286     247
       1006     1008
       1006     247
       1008     247
       287     1007
       287     1009
       287     247
       1007     1009
       1007     247
       1009     247
       972     1008
       972     1010
       972     248
       1008     1010
       1008     248
       1010     248
       973     1009
       973     1011
       973     248
       1009     1011
       1009     248
       1011     248
       294     1010
       294     1012
       294     249
       1010     1012
       1010     249
       1012     249
       295     1011
       295     1013
       295     249
       1011     1013
       1011     249
       1013     249
       978     1012
       978     1014
       978     250
       1012     1014
       1012     250
       1014     250
       979     1013
       979     1015
       979     250
       1013     1015
       1013     250
       1015     250
       302     1014
       302     1016
       302     251
       1014     1016
       1014     251
       1016     251
       303     1015
       303     1017
       303     251
       1015     1017
       1015     251
       1017     251
       984     1016
       984     1018
       984     252
       1016     1018
       1016     252
       1018     252
       985     1017
       985     1019
       985     252
       1017     1019
       1017     252
       1019     252
       310     1018
       310     1020
       310     253
       1018     1020
       1018     253
       1020     253
       311     1019
       311     1021
       311     253
       1019     1021
       1019     253
       1021     253
       990     1020
       990     1022
       990     254
       1020     1022
       1020     254
       1022     254
       991     1021
       991     1023
       991     254
       1021     1023
       1021     254
       1023     254
       318     992
       318     1022
       318     255
       992     1022
       992     255
       1022     255
       319     993
       319     1023
       319     255
       993     1023
       993     255
       1023     255
