0    15    
0    240    
0    1    
1    2    
1    17    
1    0    
2    18    
2    1    
2    242    
3    243    
3    4    
3    19    
4    20    
4    3    
4    244    
5    245    
5    6    
5    21    
6    22    
6    5    
6    246    
7    247    
7    8    
7    23    
8    24    
8    7    
8    248    
9    249    
9    10    
9    25    
10    26    
10    9    
10    250    
11    251    
11    12    
11    27    
12    11    
12    252    
12    13    
13    14    
13    29    
13    12    
14    13    
14    254    
14    15    
15    0    
15    31    
15    14    
16    17    
16    32    
16    31    
17    33    
17    16    
17    1    
18    2    
18    19    
18    34    
19    35    
19    18    
19    3    
20    4    
20    21    
20    36    
21    37    
21    20    
21    5    
22    6    
22    23    
22    38    
23    39    
23    22    
23    7    
24    8    
24    25    
24    40    
25    41    
25    24    
25    9    
26    10    
26    27    
26    42    
27    26    
27    11    
27    28    
28    29    
28    44    
28    27    
29    28    
29    13    
29    30    
30    31    
30    46    
30    29    
31    30    
31    15    
31    16    
32    48    
32    47    
32    16    
33    17    
33    34    
33    49    
34    50    
34    33    
34    18    
35    19    
35    36    
35    51    
36    52    
36    35    
36    20    
37    21    
37    38    
37    53    
38    54    
38    37    
38    22    
39    23    
39    40    
39    55    
40    56    
40    39    
40    24    
41    25    
41    42    
41    57    
42    41    
42    26    
42    43    
43    44    
43    59    
43    42    
44    43    
44    28    
44    45    
45    46    
45    61    
45    44    
46    45    
46    30    
46    47    
47    32    
47    63    
47    46    
48    32    
48    49    
48    64    
49    65    
49    48    
49    33    
50    34    
50    51    
50    66    
51    67    
51    50    
51    35    
52    36    
52    53    
52    68    
53    69    
53    52    
53    37    
54    38    
54    55    
54    70    
55    71    
55    54    
55    39    
56    40    
56    57    
56    72    
57    56    
57    41    
57    58    
58    59    
58    74    
58    57    
59    58    
59    43    
59    60    
60    61    
60    76    
60    59    
61    60    
61    45    
61    62    
62    63    
62    78    
62    61    
63    79    
63    62    
63    47    
64    80    
64    79    
64    48    
65    49    
65    66    
65    81    
66    82    
66    65    
66    50    
67    51    
67    68    
67    83    
68    84    
68    67    
68    52    
69    53    
69    70    
69    85    
70    86    
70    69    
70    54    
71    55    
71    72    
71    87    
72    71    
72    56    
72    73    
73    74    
73    89    
73    72    
74    73    
74    58    
74    75    
75    76    
75    91    
75    74    
76    75    
76    60    
76    77    
77    78    
77    93    
77    76    
78    94    
78    77    
78    62    
79    63    
79    64    
79    95    
80    64    
80    81    
80    96    
81    97    
81    80    
81    65    
82    66    
82    83    
82    98    
83    99    
83    82    
83    67    
84    68    
84    85    
84    100    
85    101    
85    84    
85    69    
86    70    
86    87    
86    102    
87    86    
87    71    
87    88    
88    89    
88    104    
88    87    
89    88    
89    73    
89    90    
90    91    
90    106    
90    89    
91    90    
91    75    
91    92    
92    93    
92    108    
92    91    
93    109    
93    92    
93    77    
94    78    
94    95    
94    110    
95    111    
95    94    
95    79    
96    112    
96    111    
96    80    
97    81    
97    98    
97    113    
98    114    
98    97    
98    82    
99    83    
99    100    
99    115    
100    116    
100    99    
100    84    
101    85    
101    102    
101    117    
102    101    
102    86    
102    103    
103    104    
103    119    
103    102    
104    103    
104    88    
104    105    
105    106    
105    121    
105    104    
106    105    
106    90    
106    107    
107    108    
107    123    
107    106    
108    124    
108    107    
108    92    
109    93    
109    110    
109    125    
110    126    
110    109    
110    94    
111    95    
111    96    
111    127    
112    96    
112    113    
112    128    
113    129    
113    112    
113    97    
114    98    
114    115    
114    130    
115    131    
115    114    
115    99    
116    100    
116    117    
116    132    
117    116    
117    101    
117    118    
118    119    
118    134    
118    117    
119    118    
119    103    
119    120    
120    121    
120    136    
120    119    
121    120    
121    105    
121    122    
122    123    
122    138    
122    121    
123    139    
123    122    
123    107    
124    108    
124    125    
124    140    
125    141    
125    124    
125    109    
126    110    
126    127    
126    142    
127    143    
127    126    
127    111    
128    144    
128    143    
128    112    
129    113    
129    130    
129    145    
130    146    
130    129    
130    114    
131    115    
131    132    
131    147    
132    131    
132    116    
132    133    
133    134    
133    149    
133    132    
134    133    
134    118    
134    135    
135    136    
135    151    
135    134    
136    135    
136    120    
136    137    
137    138    
137    153    
137    136    
138    154    
138    137    
138    122    
139    123    
139    140    
139    155    
140    156    
140    139    
140    124    
141    125    
141    142    
141    157    
142    158    
142    141    
142    126    
143    127    
143    128    
143    159    
144    128    
144    145    
144    160    
145    161    
145    144    
145    129    
146    130    
146    147    
146    162    
147    146    
147    131    
147    148    
148    149    
148    164    
148    147    
149    148    
149    133    
149    150    
150    151    
150    166    
150    149    
151    150    
151    135    
151    152    
152    153    
152    168    
152    151    
153    169    
153    152    
153    137    
154    138    
154    155    
154    170    
155    171    
155    154    
155    139    
156    140    
156    157    
156    172    
157    173    
157    156    
157    141    
158    142    
158    159    
158    174    
159    175    
159    158    
159    143    
160    176    
160    175    
160    144    
161    145    
161    162    
161    177    
162    161    
162    146    
162    163    
163    164    
163    179    
163    162    
164    163    
164    148    
164    165    
165    166    
165    181    
165    164    
166    165    
166    150    
166    167    
167    168    
167    183    
167    166    
168    184    
168    167    
168    152    
169    153    
169    170    
169    185    
170    186    
170    169    
170    154    
171    155    
171    172    
171    187    
172    188    
172    171    
172    156    
173    157    
173    174    
173    189    
174    190    
174    173    
174    158    
175    159    
175    160    
175    191    
176    160    
176    177    
176    192    
177    176    
177    161    
177    178    
178    179    
178    194    
178    177    
179    178    
179    163    
179    180    
180    181    
180    196    
180    179    
181    180    
181    165    
181    182    
182    183    
182    198    
182    181    
183    199    
183    182    
183    167    
184    168    
184    185    
184    200    
185    201    
185    184    
185    169    
186    170    
186    187    
186    202    
187    203    
187    186    
187    171    
188    172    
188    189    
188    204    
189    205    
189    188    
189    173    
190    174    
190    191    
190    206    
191    207    
191    190    
191    175    
192    207    
192    176    
192    193    
193    194    
193    209    
193    192    
194    193    
194    178    
194    195    
195    196    
195    211    
195    194    
196    195    
196    180    
196    197    
197    198    
197    213    
197    196    
198    214    
198    197    
198    182    
199    183    
199    200    
199    215    
200    216    
200    199    
200    184    
201    185    
201    202    
201    217    
202    218    
202    201    
202    186    
203    187    
203    204    
203    219    
204    220    
204    203    
204    188    
205    189    
205    206    
205    221    
206    222    
206    205    
206    190    
207    191    
207    192    
207    223    
208    209    
208    224    
208    223    
209    208    
209    193    
209    210    
210    211    
210    226    
210    209    
211    210    
211    195    
211    212    
212    213    
212    228    
212    211    
213    229    
213    212    
213    197    
214    198    
214    215    
214    230    
215    231    
215    214    
215    199    
216    200    
216    217    
216    232    
217    233    
217    216    
217    201    
218    202    
218    219    
218    234    
219    235    
219    218    
219    203    
220    204    
220    221    
220    236    
221    237    
221    220    
221    205    
222    206    
222    223    
222    238    
223    222    
223    207    
223    208    
224    239    
224    208    
224    225    
225    226    
225    241    
225    224    
226    225    
226    210    
226    227    
227    228    
227    243    
227    226    
228    244    
228    227    
228    212    
229    213    
229    230    
229    245    
230    246    
230    229    
230    214    
231    215    
231    232    
231    247    
232    248    
232    231    
232    216    
233    217    
233    234    
233    249    
234    250    
234    233    
234    218    
235    219    
235    236    
235    251    
236    252    
236    235    
236    220    
237    221    
237    238    
237    253    
238    237    
238    222    
238    239    
239    224    
239    255    
239    238    
240    241    
240    0    
240    255    
241    240    
241    225    
241    242    
242    243    
242    2    
242    241    
243    3    
243    242    
243    227    
244    228    
244    245    
244    4    
245    5    
245    244    
245    229    
246    230    
246    247    
246    6    
247    7    
247    246    
247    231    
248    232    
248    249    
248    8    
249    9    
249    248    
249    233    
250    234    
250    251    
250    10    
251    11    
251    250    
251    235    
252    236    
252    253    
252    12    
253    252    
253    237    
253    254    
254    255    
254    14    
254    253    
255    254    
255    239    
255    240    
