0    1    
0    16    
0    15    
1    0    
1    241    
1    2    
2    3    
2    18    
2    1    
3    2    
3    243    
3    4    
4    5    
4    20    
4    3    
5    4    
5    245    
5    6    
6    7    
6    22    
6    5    
7    6    
7    247    
7    8    
8    9    
8    24    
8    7    
9    8    
9    249    
9    10    
10    11    
10    26    
10    9    
11    10    
11    251    
11    12    
12    13    
12    28    
12    11    
13    12    
13    253    
13    14    
14    15    
14    30    
14    13    
15    14    
15    255    
15    0    
16    31    
16    0    
16    17    
17    18    
17    33    
17    16    
18    17    
18    2    
18    19    
19    20    
19    35    
19    18    
20    19    
20    4    
20    21    
21    22    
21    37    
21    20    
22    21    
22    6    
22    23    
23    24    
23    39    
23    22    
24    23    
24    8    
24    25    
25    26    
25    41    
25    24    
26    25    
26    10    
26    27    
27    28    
27    43    
27    26    
28    27    
28    12    
28    29    
29    30    
29    45    
29    28    
30    29    
30    14    
30    31    
31    16    
31    47    
31    30    
32    33    
32    48    
32    47    
33    32    
33    17    
33    34    
34    35    
34    50    
34    33    
35    34    
35    19    
35    36    
36    37    
36    52    
36    35    
37    36    
37    21    
37    38    
38    39    
38    54    
38    37    
39    38    
39    23    
39    40    
40    41    
40    56    
40    39    
41    40    
41    25    
41    42    
42    43    
42    58    
42    41    
43    42    
43    27    
43    44    
44    45    
44    60    
44    43    
45    44    
45    29    
45    46    
46    47    
46    62    
46    45    
47    46    
47    31    
47    32    
48    63    
48    32    
48    49    
49    50    
49    65    
49    48    
50    49    
50    34    
50    51    
51    52    
51    67    
51    50    
52    51    
52    36    
52    53    
53    54    
53    69    
53    52    
54    53    
54    38    
54    55    
55    56    
55    71    
55    54    
56    55    
56    40    
56    57    
57    58    
57    73    
57    56    
58    57    
58    42    
58    59    
59    60    
59    75    
59    58    
60    59    
60    44    
60    61    
61    62    
61    77    
61    60    
62    61    
62    46    
62    63    
63    48    
63    79    
63    62    
64    65    
64    80    
64    79    
65    64    
65    49    
65    66    
66    67    
66    82    
66    65    
67    66    
67    51    
67    68    
68    69    
68    84    
68    67    
69    68    
69    53    
69    70    
70    71    
70    86    
70    69    
71    70    
71    55    
71    72    
72    73    
72    88    
72    71    
73    72    
73    57    
73    74    
74    75    
74    90    
74    73    
75    74    
75    59    
75    76    
76    77    
76    92    
76    75    
77    76    
77    61    
77    78    
78    79    
78    94    
78    77    
79    78    
79    63    
79    64    
80    95    
80    64    
80    81    
81    82    
81    97    
81    80    
82    81    
82    66    
82    83    
83    84    
83    99    
83    82    
84    83    
84    68    
84    85    
85    86    
85    101    
85    84    
86    85    
86    70    
86    87    
87    88    
87    103    
87    86    
88    87    
88    72    
88    89    
89    90    
89    105    
89    88    
90    89    
90    74    
90    91    
91    92    
91    107    
91    90    
92    91    
92    76    
92    93    
93    94    
93    109    
93    92    
94    93    
94    78    
94    95    
95    80    
95    111    
95    94    
96    97    
96    112    
96    111    
97    96    
97    81    
97    98    
98    99    
98    114    
98    97    
99    98    
99    83    
99    100    
100    101    
100    116    
100    99    
101    100    
101    85    
101    102    
102    103    
102    118    
102    101    
103    102    
103    87    
103    104    
104    105    
104    120    
104    103    
105    104    
105    89    
105    106    
106    107    
106    122    
106    105    
107    106    
107    91    
107    108    
108    109    
108    124    
108    107    
109    108    
109    93    
109    110    
110    111    
110    126    
110    109    
111    110    
111    95    
111    96    
112    127    
112    96    
112    113    
113    114    
113    129    
113    112    
114    113    
114    98    
114    115    
115    116    
115    131    
115    114    
116    115    
116    100    
116    117    
117    118    
117    133    
117    116    
118    117    
118    102    
118    119    
119    120    
119    135    
119    118    
120    119    
120    104    
120    121    
121    122    
121    137    
121    120    
122    121    
122    106    
122    123    
123    124    
123    139    
123    122    
124    123    
124    108    
124    125    
125    126    
125    141    
125    124    
126    125    
126    110    
126    127    
127    112    
127    143    
127    126    
128    129    
128    144    
128    143    
129    128    
129    113    
129    130    
130    131    
130    146    
130    129    
131    130    
131    115    
131    132    
132    133    
132    148    
132    131    
133    132    
133    117    
133    134    
134    135    
134    150    
134    133    
135    134    
135    119    
135    136    
136    137    
136    152    
136    135    
137    136    
137    121    
137    138    
138    139    
138    154    
138    137    
139    138    
139    123    
139    140    
140    141    
140    156    
140    139    
141    140    
141    125    
141    142    
142    143    
142    158    
142    141    
143    142    
143    127    
143    128    
144    159    
144    128    
144    145    
145    146    
145    161    
145    144    
146    145    
146    130    
146    147    
147    148    
147    163    
147    146    
148    147    
148    132    
148    149    
149    150    
149    165    
149    148    
150    149    
150    134    
150    151    
151    152    
151    167    
151    150    
152    151    
152    136    
152    153    
153    154    
153    169    
153    152    
154    153    
154    138    
154    155    
155    156    
155    171    
155    154    
156    155    
156    140    
156    157    
157    158    
157    173    
157    156    
158    157    
158    142    
158    159    
159    144    
159    175    
159    158    
160    161    
160    176    
160    175    
161    160    
161    145    
161    162    
162    163    
162    178    
162    161    
163    162    
163    147    
163    164    
164    165    
164    180    
164    163    
165    164    
165    149    
165    166    
166    167    
166    182    
166    165    
167    166    
167    151    
167    168    
168    169    
168    184    
168    167    
169    168    
169    153    
169    170    
170    171    
170    186    
170    169    
171    170    
171    155    
171    172    
172    173    
172    188    
172    171    
173    172    
173    157    
173    174    
174    175    
174    190    
174    173    
175    174    
175    159    
175    160    
176    191    
176    160    
176    177    
177    178    
177    193    
177    176    
178    177    
178    162    
178    179    
179    180    
179    195    
179    178    
180    179    
180    164    
180    181    
181    182    
181    197    
181    180    
182    181    
182    166    
182    183    
183    184    
183    199    
183    182    
184    183    
184    168    
184    185    
185    186    
185    201    
185    184    
186    185    
186    170    
186    187    
187    188    
187    203    
187    186    
188    187    
188    172    
188    189    
189    190    
189    205    
189    188    
190    189    
190    174    
190    191    
191    176    
191    207    
191    190    
192    193    
192    208    
192    207    
193    192    
193    177    
193    194    
194    195    
194    210    
194    193    
195    194    
195    179    
195    196    
196    197    
196    212    
196    195    
197    196    
197    181    
197    198    
198    199    
198    214    
198    197    
199    198    
199    183    
199    200    
200    201    
200    216    
200    199    
201    200    
201    185    
201    202    
202    203    
202    218    
202    201    
203    202    
203    187    
203    204    
204    205    
204    220    
204    203    
205    204    
205    189    
205    206    
206    207    
206    222    
206    205    
207    206    
207    191    
207    192    
208    223    
208    192    
208    209    
209    210    
209    225    
209    208    
210    209    
210    194    
210    211    
211    212    
211    227    
211    210    
212    211    
212    196    
212    213    
213    214    
213    229    
213    212    
214    213    
214    198    
214    215    
215    216    
215    231    
215    214    
216    215    
216    200    
216    217    
217    218    
217    233    
217    216    
218    217    
218    202    
218    219    
219    220    
219    235    
219    218    
220    219    
220    204    
220    221    
221    222    
221    237    
221    220    
222    221    
222    206    
222    223    
223    208    
223    239    
223    222    
224    225    
224    240    
224    239    
225    224    
225    209    
225    226    
226    227    
226    242    
226    225    
227    226    
227    211    
227    228    
228    229    
228    244    
228    227    
229    228    
229    213    
229    230    
230    231    
230    246    
230    229    
231    230    
231    215    
231    232    
232    233    
232    248    
232    231    
233    232    
233    217    
233    234    
234    235    
234    250    
234    233    
235    234    
235    219    
235    236    
236    237    
236    252    
236    235    
237    236    
237    221    
237    238    
238    239    
238    254    
238    237    
239    238    
239    223    
239    224    
240    255    
240    224    
240    241    
241    242    
241    1    
241    240    
242    241    
242    226    
242    243    
243    244    
243    3    
243    242    
244    243    
244    228    
244    245    
245    246    
245    5    
245    244    
246    245    
246    230    
246    247    
247    248    
247    7    
247    246    
248    247    
248    232    
248    249    
249    250    
249    9    
249    248    
250    249    
250    234    
250    251    
251    252    
251    11    
251    250    
252    251    
252    236    
252    253    
253    254    
253    13    
253    252    
254    253    
254    238    
254    255    
255    240    
255    15    
255    254    
