0    0    
0    15    
1    0    
1    240    
2    0    
2    1    
3    1    
3    2    
4    1    
4    17    
5    2    
5    18    
6    2    
6    242    
7    3    
7    243    
8    3    
8    4    
9    3    
9    19    
10    4    
10    20    
11    4    
11    244    
12    5    
12    245    
13    5    
13    6    
14    5    
14    21    
15    6    
15    22    
16    6    
16    246    
17    7    
17    247    
18    7    
18    8    
19    7    
19    23    
20    8    
20    24    
21    8    
21    248    
22    9    
22    249    
23    9    
23    10    
24    9    
24    25    
25    10    
25    26    
26    10    
26    250    
27    11    
27    251    
28    11    
28    12    
29    11    
29    27    
30    12    
30    252    
31    12    
31    13    
32    13    
32    14    
33    13    
33    29    
34    14    
34    254    
35    14    
35    15    
36    15    
36    31    
37    16    
37    17    
38    16    
38    32    
39    16    
39    31    
40    17    
40    33    
41    18    
41    19    
42    18    
42    34    
43    19    
43    35    
44    20    
44    21    
45    20    
45    36    
46    21    
46    37    
47    22    
47    23    
48    22    
48    38    
49    23    
49    39    
50    24    
50    25    
51    24    
51    40    
52    25    
52    41    
53    26    
53    27    
54    26    
54    42    
55    27    
55    28    
56    28    
56    29    
57    28    
57    44    
58    29    
58    30    
59    30    
59    31    
60    30    
60    46    
61    32    
61    48    
62    32    
62    47    
63    33    
63    34    
64    33    
64    49    
65    34    
65    50    
66    35    
66    36    
67    35    
67    51    
68    36    
68    52    
69    37    
69    38    
70    37    
70    53    
71    38    
71    54    
72    39    
72    40    
73    39    
73    55    
74    40    
74    56    
75    41    
75    42    
76    41    
76    57    
77    42    
77    43    
78    43    
78    44    
79    43    
79    59    
80    44    
80    45    
81    45    
81    46    
82    45    
82    61    
83    46    
83    47    
84    47    
84    63    
85    48    
85    49    
86    48    
86    64    
87    49    
87    65    
88    50    
88    51    
89    50    
89    66    
90    51    
90    67    
91    52    
91    53    
92    52    
92    68    
93    53    
93    69    
94    54    
94    55    
95    54    
95    70    
96    55    
96    71    
97    56    
97    57    
98    56    
98    72    
99    57    
99    58    
100    58    
100    59    
101    58    
101    74    
102    59    
102    60    
103    60    
103    61    
104    60    
104    76    
105    61    
105    62    
106    62    
106    63    
107    62    
107    78    
108    63    
108    79    
109    64    
109    80    
110    64    
110    79    
111    65    
111    66    
112    65    
112    81    
113    66    
113    82    
114    67    
114    68    
115    67    
115    83    
116    68    
116    84    
117    69    
117    70    
118    69    
118    85    
119    70    
119    86    
120    71    
120    72    
121    71    
121    87    
122    72    
122    73    
123    73    
123    74    
124    73    
124    89    
125    74    
125    75    
126    75    
126    76    
127    75    
127    91    
128    76    
128    77    
129    77    
129    78    
130    77    
130    93    
131    78    
131    94    
132    79    
132    95    
133    80    
133    81    
134    80    
134    96    
135    81    
135    97    
136    82    
136    83    
137    82    
137    98    
138    83    
138    99    
139    84    
139    85    
140    84    
140    100    
141    85    
141    101    
142    86    
142    87    
143    86    
143    102    
144    87    
144    88    
145    88    
145    89    
146    88    
146    104    
147    89    
147    90    
148    90    
148    91    
149    90    
149    106    
150    91    
150    92    
151    92    
151    93    
152    92    
152    108    
153    93    
153    109    
154    94    
154    95    
155    94    
155    110    
156    95    
156    111    
157    96    
157    112    
158    96    
158    111    
159    97    
159    98    
160    97    
160    113    
161    98    
161    114    
162    99    
162    100    
163    99    
163    115    
164    100    
164    116    
165    101    
165    102    
166    101    
166    117    
167    102    
167    103    
168    103    
168    104    
169    103    
169    119    
170    104    
170    105    
171    105    
171    106    
172    105    
172    121    
173    106    
173    107    
174    107    
174    108    
175    107    
175    123    
176    108    
176    124    
177    109    
177    110    
178    109    
178    125    
179    110    
179    126    
180    111    
180    127    
181    112    
181    113    
182    112    
182    128    
183    113    
183    129    
184    114    
184    115    
185    114    
185    130    
186    115    
186    131    
187    116    
187    117    
188    116    
188    132    
189    117    
189    118    
190    118    
190    119    
191    118    
191    134    
192    119    
192    120    
193    120    
193    121    
194    120    
194    136    
195    121    
195    122    
196    122    
196    123    
197    122    
197    138    
198    123    
198    139    
199    124    
199    125    
200    124    
200    140    
201    125    
201    141    
202    126    
202    127    
203    126    
203    142    
204    127    
204    143    
205    128    
205    144    
206    128    
206    143    
207    129    
207    130    
208    129    
208    145    
209    130    
209    146    
210    131    
210    132    
211    131    
211    147    
212    132    
212    133    
213    133    
213    134    
214    133    
214    149    
215    134    
215    135    
216    135    
216    136    
217    135    
217    151    
218    136    
218    137    
219    137    
219    138    
220    137    
220    153    
221    138    
221    154    
222    139    
222    140    
223    139    
223    155    
224    140    
224    156    
225    141    
225    142    
226    141    
226    157    
227    142    
227    158    
228    143    
228    159    
229    144    
229    145    
230    144    
230    160    
231    145    
231    161    
232    146    
232    147    
233    146    
233    162    
234    147    
234    148    
235    148    
235    149    
236    148    
236    164    
237    149    
237    150    
238    150    
238    151    
239    150    
239    166    
240    151    
240    152    
241    152    
241    153    
242    152    
242    168    
243    153    
243    169    
244    154    
244    155    
245    154    
245    170    
246    155    
246    171    
247    156    
247    157    
248    156    
248    172    
249    157    
249    173    
250    158    
250    159    
251    158    
251    174    
252    159    
252    175    
253    160    
253    176    
254    160    
254    175    
255    161    
255    162    
256    161    
256    177    
257    162    
257    163    
258    163    
258    164    
259    163    
259    179    
260    164    
260    165    
261    165    
261    166    
262    165    
262    181    
263    166    
263    167    
264    167    
264    168    
265    167    
265    183    
266    168    
266    184    
267    169    
267    170    
268    169    
268    185    
269    170    
269    186    
270    171    
270    172    
271    171    
271    187    
272    172    
272    188    
273    173    
273    174    
274    173    
274    189    
275    174    
275    190    
276    175    
276    191    
277    176    
277    177    
278    176    
278    192    
279    177    
279    178    
280    178    
280    179    
281    178    
281    194    
282    179    
282    180    
283    180    
283    181    
284    180    
284    196    
285    181    
285    182    
286    182    
286    183    
287    182    
287    198    
288    183    
288    199    
289    184    
289    185    
290    184    
290    200    
291    185    
291    201    
292    186    
292    187    
293    186    
293    202    
294    187    
294    203    
295    188    
295    189    
296    188    
296    204    
297    189    
297    205    
298    190    
298    191    
299    190    
299    206    
300    191    
300    207    
301    192    
301    207    
302    192    
302    193    
303    193    
303    194    
304    193    
304    209    
305    194    
305    195    
306    195    
306    196    
307    195    
307    211    
308    196    
308    197    
309    197    
309    198    
310    197    
310    213    
311    198    
311    214    
312    199    
312    200    
313    199    
313    215    
314    200    
314    216    
315    201    
315    202    
316    201    
316    217    
317    202    
317    218    
318    203    
318    204    
319    203    
319    219    
320    204    
320    220    
321    205    
321    206    
322    205    
322    221    
323    206    
323    222    
324    207    
324    223    
325    208    
325    209    
326    208    
326    224    
327    208    
327    223    
328    209    
328    210    
329    210    
329    211    
330    210    
330    226    
331    211    
331    212    
332    212    
332    213    
333    212    
333    228    
334    213    
334    229    
335    214    
335    215    
336    214    
336    230    
337    215    
337    231    
338    216    
338    217    
339    216    
339    232    
340    217    
340    233    
341    218    
341    219    
342    218    
342    234    
343    219    
343    235    
344    220    
344    221    
345    220    
345    236    
346    221    
346    237    
347    222    
347    223    
348    222    
348    238    
349    224    
349    239    
350    224    
350    225    
351    225    
351    226    
352    225    
352    241    
353    226    
353    227    
354    227    
354    228    
355    227    
355    243    
356    228    
356    244    
357    229    
357    230    
358    229    
358    245    
359    230    
359    246    
360    231    
360    232    
361    231    
361    247    
362    232    
362    248    
363    233    
363    234    
364    233    
364    249    
365    234    
365    250    
366    235    
366    236    
367    235    
367    251    
368    236    
368    252    
369    237    
369    238    
370    237    
370    253    
371    238    
371    239    
372    239    
372    255    
373    240    
373    241    
374    240    
374    255    
375    241    
375    242    
376    242    
376    243    
377    244    
377    245    
378    246    
378    247    
379    248    
379    249    
380    250    
380    251    
381    252    
381    253    
382    253    
382    254    
383    254    
383    255    
