0    0    
0    1    
1    0    
1    16    
2    0    
2    15    
3    1    
3    241    
4    1    
4    2    
5    2    
5    3    
6    2    
6    18    
7    3    
7    243    
8    3    
8    4    
9    4    
9    5    
10    4    
10    20    
11    5    
11    245    
12    5    
12    6    
13    6    
13    7    
14    6    
14    22    
15    7    
15    247    
16    7    
16    8    
17    8    
17    9    
18    8    
18    24    
19    9    
19    249    
20    9    
20    10    
21    10    
21    11    
22    10    
22    26    
23    11    
23    251    
24    11    
24    12    
25    12    
25    13    
26    12    
26    28    
27    13    
27    253    
28    13    
28    14    
29    14    
29    15    
30    14    
30    30    
31    15    
31    255    
32    16    
32    31    
33    16    
33    17    
34    17    
34    18    
35    17    
35    33    
36    18    
36    19    
37    19    
37    20    
38    19    
38    35    
39    20    
39    21    
40    21    
40    22    
41    21    
41    37    
42    22    
42    23    
43    23    
43    24    
44    23    
44    39    
45    24    
45    25    
46    25    
46    26    
47    25    
47    41    
48    26    
48    27    
49    27    
49    28    
50    27    
50    43    
51    28    
51    29    
52    29    
52    30    
53    29    
53    45    
54    30    
54    31    
55    31    
55    47    
56    32    
56    33    
57    32    
57    48    
58    32    
58    47    
59    33    
59    34    
60    34    
60    35    
61    34    
61    50    
62    35    
62    36    
63    36    
63    37    
64    36    
64    52    
65    37    
65    38    
66    38    
66    39    
67    38    
67    54    
68    39    
68    40    
69    40    
69    41    
70    40    
70    56    
71    41    
71    42    
72    42    
72    43    
73    42    
73    58    
74    43    
74    44    
75    44    
75    45    
76    44    
76    60    
77    45    
77    46    
78    46    
78    47    
79    46    
79    62    
80    48    
80    63    
81    48    
81    49    
82    49    
82    50    
83    49    
83    65    
84    50    
84    51    
85    51    
85    52    
86    51    
86    67    
87    52    
87    53    
88    53    
88    54    
89    53    
89    69    
90    54    
90    55    
91    55    
91    56    
92    55    
92    71    
93    56    
93    57    
94    57    
94    58    
95    57    
95    73    
96    58    
96    59    
97    59    
97    60    
98    59    
98    75    
99    60    
99    61    
100    61    
100    62    
101    61    
101    77    
102    62    
102    63    
103    63    
103    79    
104    64    
104    65    
105    64    
105    80    
106    64    
106    79    
107    65    
107    66    
108    66    
108    67    
109    66    
109    82    
110    67    
110    68    
111    68    
111    69    
112    68    
112    84    
113    69    
113    70    
114    70    
114    71    
115    70    
115    86    
116    71    
116    72    
117    72    
117    73    
118    72    
118    88    
119    73    
119    74    
120    74    
120    75    
121    74    
121    90    
122    75    
122    76    
123    76    
123    77    
124    76    
124    92    
125    77    
125    78    
126    78    
126    79    
127    78    
127    94    
128    80    
128    95    
129    80    
129    81    
130    81    
130    82    
131    81    
131    97    
132    82    
132    83    
133    83    
133    84    
134    83    
134    99    
135    84    
135    85    
136    85    
136    86    
137    85    
137    101    
138    86    
138    87    
139    87    
139    88    
140    87    
140    103    
141    88    
141    89    
142    89    
142    90    
143    89    
143    105    
144    90    
144    91    
145    91    
145    92    
146    91    
146    107    
147    92    
147    93    
148    93    
148    94    
149    93    
149    109    
150    94    
150    95    
151    95    
151    111    
152    96    
152    97    
153    96    
153    112    
154    96    
154    111    
155    97    
155    98    
156    98    
156    99    
157    98    
157    114    
158    99    
158    100    
159    100    
159    101    
160    100    
160    116    
161    101    
161    102    
162    102    
162    103    
163    102    
163    118    
164    103    
164    104    
165    104    
165    105    
166    104    
166    120    
167    105    
167    106    
168    106    
168    107    
169    106    
169    122    
170    107    
170    108    
171    108    
171    109    
172    108    
172    124    
173    109    
173    110    
174    110    
174    111    
175    110    
175    126    
176    112    
176    127    
177    112    
177    113    
178    113    
178    114    
179    113    
179    129    
180    114    
180    115    
181    115    
181    116    
182    115    
182    131    
183    116    
183    117    
184    117    
184    118    
185    117    
185    133    
186    118    
186    119    
187    119    
187    120    
188    119    
188    135    
189    120    
189    121    
190    121    
190    122    
191    121    
191    137    
192    122    
192    123    
193    123    
193    124    
194    123    
194    139    
195    124    
195    125    
196    125    
196    126    
197    125    
197    141    
198    126    
198    127    
199    127    
199    143    
200    128    
200    129    
201    128    
201    144    
202    128    
202    143    
203    129    
203    130    
204    130    
204    131    
205    130    
205    146    
206    131    
206    132    
207    132    
207    133    
208    132    
208    148    
209    133    
209    134    
210    134    
210    135    
211    134    
211    150    
212    135    
212    136    
213    136    
213    137    
214    136    
214    152    
215    137    
215    138    
216    138    
216    139    
217    138    
217    154    
218    139    
218    140    
219    140    
219    141    
220    140    
220    156    
221    141    
221    142    
222    142    
222    143    
223    142    
223    158    
224    144    
224    159    
225    144    
225    145    
226    145    
226    146    
227    145    
227    161    
228    146    
228    147    
229    147    
229    148    
230    147    
230    163    
231    148    
231    149    
232    149    
232    150    
233    149    
233    165    
234    150    
234    151    
235    151    
235    152    
236    151    
236    167    
237    152    
237    153    
238    153    
238    154    
239    153    
239    169    
240    154    
240    155    
241    155    
241    156    
242    155    
242    171    
243    156    
243    157    
244    157    
244    158    
245    157    
245    173    
246    158    
246    159    
247    159    
247    175    
248    160    
248    161    
249    160    
249    176    
250    160    
250    175    
251    161    
251    162    
252    162    
252    163    
253    162    
253    178    
254    163    
254    164    
255    164    
255    165    
256    164    
256    180    
257    165    
257    166    
258    166    
258    167    
259    166    
259    182    
260    167    
260    168    
261    168    
261    169    
262    168    
262    184    
263    169    
263    170    
264    170    
264    171    
265    170    
265    186    
266    171    
266    172    
267    172    
267    173    
268    172    
268    188    
269    173    
269    174    
270    174    
270    175    
271    174    
271    190    
272    176    
272    191    
273    176    
273    177    
274    177    
274    178    
275    177    
275    193    
276    178    
276    179    
277    179    
277    180    
278    179    
278    195    
279    180    
279    181    
280    181    
280    182    
281    181    
281    197    
282    182    
282    183    
283    183    
283    184    
284    183    
284    199    
285    184    
285    185    
286    185    
286    186    
287    185    
287    201    
288    186    
288    187    
289    187    
289    188    
290    187    
290    203    
291    188    
291    189    
292    189    
292    190    
293    189    
293    205    
294    190    
294    191    
295    191    
295    207    
296    192    
296    193    
297    192    
297    208    
298    192    
298    207    
299    193    
299    194    
300    194    
300    195    
301    194    
301    210    
302    195    
302    196    
303    196    
303    197    
304    196    
304    212    
305    197    
305    198    
306    198    
306    199    
307    198    
307    214    
308    199    
308    200    
309    200    
309    201    
310    200    
310    216    
311    201    
311    202    
312    202    
312    203    
313    202    
313    218    
314    203    
314    204    
315    204    
315    205    
316    204    
316    220    
317    205    
317    206    
318    206    
318    207    
319    206    
319    222    
320    208    
320    223    
321    208    
321    209    
322    209    
322    210    
323    209    
323    225    
324    210    
324    211    
325    211    
325    212    
326    211    
326    227    
327    212    
327    213    
328    213    
328    214    
329    213    
329    229    
330    214    
330    215    
331    215    
331    216    
332    215    
332    231    
333    216    
333    217    
334    217    
334    218    
335    217    
335    233    
336    218    
336    219    
337    219    
337    220    
338    219    
338    235    
339    220    
339    221    
340    221    
340    222    
341    221    
341    237    
342    222    
342    223    
343    223    
343    239    
344    224    
344    225    
345    224    
345    240    
346    224    
346    239    
347    225    
347    226    
348    226    
348    227    
349    226    
349    242    
350    227    
350    228    
351    228    
351    229    
352    228    
352    244    
353    229    
353    230    
354    230    
354    231    
355    230    
355    246    
356    231    
356    232    
357    232    
357    233    
358    232    
358    248    
359    233    
359    234    
360    234    
360    235    
361    234    
361    250    
362    235    
362    236    
363    236    
363    237    
364    236    
364    252    
365    237    
365    238    
366    238    
366    239    
367    238    
367    254    
368    240    
368    255    
369    240    
369    241    
370    241    
370    242    
371    242    
371    243    
372    243    
372    244    
373    244    
373    245    
374    245    
374    246    
375    246    
375    247    
376    247    
376    248    
377    248    
377    249    
378    249    
378    250    
379    250    
379    251    
380    251    
380    252    
381    252    
381    253    
382    253    
382    254    
383    254    
383    255    
